3.000000    3707.604492
2.990000    3747.346680
2.980000    3851.521973
2.970000    3742.167480
2.960000    3653.793945
2.950000    3777.304688
2.940000    3865.631104
2.930000    3977.953125
2.920000    3753.954346
2.910000    3758.670898
2.900000    4029.238037
2.890000    3956.300293
2.880000    3830.786377
2.870000    3916.837646
2.860000    3952.770508
2.850000    4003.322021
2.840000    4052.606445
2.830000    4088.822510
2.820000    4228.327148
2.810000    4200.386230
2.800000    4132.846191
2.790000    4211.317383
2.780000    4239.818359
2.770000    4149.584961
2.760000    4120.659668
2.750000    4218.071777
2.740000    4204.897461
2.730000    4246.043945
2.720000    4314.215820
2.710000    4166.083008
2.700000    4552.292480
2.690000    4509.725586
2.680000    4661.719238
2.670000    4589.009766
2.660000    4629.375000
2.650000    4756.019043
2.640000    4690.453613
2.630000    4660.251465
2.620000    4761.101563
2.610000    4799.785156
2.600000    4931.679688
2.590000    4944.591309
2.580000    4863.103027
2.570000    5048.669434
2.560000    5003.305664
2.550000    5171.455078
2.540000    5235.833496
2.530000    5399.350586
2.520000    5621.586426
2.510000    5629.866699
2.500000    5633.946289
2.490000    5833.988770
2.480000    5967.484863
2.470000    6067.202637
2.460000    6037.368652
2.450000    6278.116699
2.440000    6535.177246
2.430000    7267.921387
2.420000    6823.354980
2.410000    7241.388672
2.400000    7541.687988
2.390000    7593.377441
2.380000    8137.288086
2.370000    8890.975586
2.360000    8836.282227
2.350000    9323.369141
2.340000    9198.064453
2.330000    9729.848633
2.320000    9815.907227
2.310000    10304.875977
2.300000    10487.958984
2.290000    10191.869141
2.280000    9815.558594
2.270000    9641.640625
2.260000    9307.035156
2.250000    8730.390625
2.240000    8619.666992
2.230000    7726.041016
2.220000    7291.728027
2.210000    7118.466309
2.200000    6608.368164
2.190000    6592.045410
2.180000    6425.765625
2.170000    6157.905762
2.160000    5340.336914
2.150000    5251.216309
2.140000    5250.473145
2.130000    4922.394531
2.120000    4675.349609
2.110000    4562.323242
2.100000    4240.750488
2.090000    4159.461914
2.080000    3895.038330
2.070000    3837.929932
2.060000    3820.618896
2.050000    3543.743652
2.040000    3548.381104
2.030000    3353.270264
2.020000    3152.442871
2.010000    3093.301025
