3.000000    11487.621094
2.990000    12331.801758
2.980000    12449.258789
2.970000    12888.688477
2.960000    13107.182617
2.950000    13265.318359
2.940000    13071.481445
2.930000    13778.551758
2.920000    13982.935547
2.910000    14331.032227
2.900000    14471.989258
2.890000    14527.944336
2.880000    14762.302734
2.870000    15654.617188
2.860000    15961.377930
2.850000    16034.648438
2.840000    17109.564453
2.830000    17288.351563
2.820000    17773.023438
2.810000    18851.708984
2.800000    18583.687500
2.790000    18418.367188
2.780000    20728.859375
2.770000    19566.800781
2.760000    20384.621094
2.750000    20597.652344
2.740000    21045.609375
2.730000    21344.406250
2.720000    22928.531250
2.710000    24083.550781
2.700000    24189.541016
2.690000    23487.275391
2.680000    25906.048828
2.670000    26606.527344
2.660000    28711.083984
2.650000    30587.199219
2.640000    31190.886719
2.630000    31145.603516
2.620000    33357.730469
2.610000    33783.875000
2.600000    33663.082031
2.590000    39152.191406
2.580000    41287.609375
2.570000    41775.714844
2.560000    40993.191406
2.550000    50644.238281
2.540000    46743.132813
2.530000    50628.511719
2.520000    55268.199219
2.510000    60023.597656
2.500000    59228.972656
2.490000    62901.707031
2.480000    78397.468750
2.470000    79650.070313
2.460000    79798.617188
2.450000    86306.390625
2.440000    100461.476563
2.430000    112954.742188
2.420000    126391.914063
2.410000    132037.796875
2.400000    145855.718750
2.390000    145649.265625
2.380000    174889.234375
2.370000    214588.562500
2.360000    213050.250000
2.350000    225172.921875
2.340000    215813.250000
2.330000    282397.656250
2.320000    299795.031250
2.310000    303355.656250
2.300000    375459.031250
2.290000    379644.937500
2.280000    175400.546875
2.270000    476305.906250
2.260000    237613.031250
2.250000    527636.812500
2.240000    264334.781250
2.230000    118128.664063
2.220000    548189.562500
2.210000    9050.640625
2.200000    9215.501953
2.190000    6120.343262
2.180000    92195.445313
2.170000    475647.343750
2.160000    4067.204346
2.150000    3350.217285
2.140000    3649.013916
2.130000    2877.140137
2.120000    2577.590820
2.110000    2793.208496
2.100000    1954.369385
2.090000    1887.008545
2.080000    1389.125854
2.070000    1588.792603
2.060000    1525.786743
2.050000    1233.089844
2.040000    1226.006592
2.030000    1051.940796
2.020000    852.141113
2.010000    940.962219
