4.000000    -191.014678
3.960000    -194.113496
3.920000    -194.886838
3.880000    -197.500021
3.840000    -200.580223
3.800000    -200.540877
3.760000    -203.686193
3.720000    -206.117245
3.680000    -210.254655
3.640000    -211.959054
3.600000    -214.047775
3.560000    -216.936291
3.520000    -220.159803
3.480000    -223.593248
3.440000    -226.686846
3.400000    -227.890004
3.360000    -231.765124
3.320000    -234.761679
3.280000    -237.406915
3.240000    -240.702189
3.200000    -243.778893
3.160000    -246.539053
3.120000    -249.086627
3.080000    -255.515601
3.040000    -258.532000
3.000000    -262.058996
2.960000    -267.683271
2.920000    -269.855250
2.880000    -275.291142
2.840000    -279.876419
2.800000    -284.035810
2.760000    -289.782986
2.720000    -294.424416
2.680000    -300.679970
2.640000    -304.207290
2.600000    -313.199716
2.560000    -316.707664
2.520000    -320.891326
2.480000    -328.692289
2.440000    -338.258464
2.400000    -340.493836
2.360000    -349.013409
2.320000    -356.847924
2.280000    -364.791257
2.240000    -372.176534
2.200000    -381.492787
2.160000    -390.515458
2.120000    -402.256945
2.080000    -410.914994
2.040000    -423.447638
2.000000    -432.272942
1.960000    -444.087155
1.920000    -457.212199
1.880000    -472.221110
1.840000    -485.340492
1.800000    -503.090326
1.760000    -514.201850
1.720000    -532.493902
1.680000    -553.881865
1.640000    -575.731920
1.600000    -609.730946
1.560000    -631.681186
1.520000    -664.499849
1.480000    -711.287001
1.440000    -776.453004
1.400000    -869.436480
1.360000    -907.393125
1.320000    -959.152235
1.280000    -1006.181735
1.240000    -1047.381065
1.200000    -1078.296893
1.160000    -1107.517762
1.120000    -1127.505053
1.080000    -1148.901112
1.040000    -1164.566791
1.000000    -1180.450743
0.960000    -1189.639982
0.920000    -1199.381378
0.880000    -1207.311395
0.840000    -1214.632281
0.800000    -1219.359584
0.760000    -1223.583914
0.720000    -1226.433551
0.680000    -1228.894268
0.640000    -1230.215335
0.600000    -1231.549908
0.560000    -1232.070441
0.520000    -1232.493358
0.480000    -1232.712660
0.440000    -1232.925325
0.400000    -1232.900163
0.360000    -1232.915856
0.320000    -1232.857491
0.280000    -1232.908480
0.240000    -1232.841021
0.200000    -1232.823577
0.160000    -1232.866464
0.120000    -1232.894908
0.080000    -1232.846332
0.040000    -1232.867344
