4.000000    -572.114725
3.960000    -580.258110
3.920000    -585.639856
3.880000    -591.180440
3.840000    -600.936960
3.800000    -606.915180
3.760000    -618.417845
3.720000    -622.842943
3.680000    -635.767797
3.640000    -641.502422
3.600000    -651.454928
3.560000    -661.431112
3.520000    -673.397684
3.480000    -679.059458
3.440000    -688.333228
3.400000    -706.088080
3.360000    -709.924523
3.320000    -733.186374
3.280000    -735.548424
3.240000    -746.313295
3.200000    -758.838449
3.160000    -777.700923
3.120000    -793.077249
3.080000    -800.966330
3.040000    -816.215122
3.000000    -837.726390
2.960000    -859.365214
2.920000    -872.942400
2.880000    -894.025339
2.840000    -910.485424
2.800000    -938.199820
2.760000    -957.519093
2.720000    -976.133788
2.680000    -991.116002
2.640000    -1031.043965
2.600000    -1049.192137
2.560000    -1092.671770
2.520000    -1122.509430
2.480000    -1150.440074
2.440000    -1200.919447
2.400000    -1283.974331
2.360000    -1342.322742
2.320000    -1458.660822
2.280000    -1431.350192
2.240000    -1530.338876
2.200000    -1610.624250
2.160000    -1658.816926
2.120000    -1701.140744
2.080000    -1735.663912
2.040000    -1762.956488
2.000000    -1785.206931
1.960000    -1820.771304
1.920000    -1845.169478
1.880000    -1871.237844
1.840000    -1894.432726
1.800000    -1908.995970
1.760000    -1923.304728
1.720000    -1936.345154
1.680000    -1957.146787
1.640000    -1968.278541
1.600000    -1982.201853
1.560000    -1991.230417
1.520000    -2000.953140
1.480000    -2007.331196
1.440000    -2015.803333
1.400000    -2020.933695
1.360000    -2025.582946
1.320000    -2030.121600
1.280000    -2035.762648
1.240000    -2038.669200
1.200000    -2040.760672
1.160000    -2044.343056
1.120000    -2045.762248
1.080000    -2047.574748
1.040000    -2048.880348
1.000000    -2050.162800
0.960000    -2050.765496
0.920000    -2051.460092
0.880000    -2051.685516
0.840000    -2052.060232
0.800000    -2052.629760
0.760000    -2052.807728
0.720000    -2052.839484
0.680000    -2052.690256
0.640000    -2052.821392
0.600000    -2052.642084
0.560000    -2052.766936
0.520000    -2052.773808
0.480000    -2052.773856
0.440000    -2052.807672
0.400000    -2052.801872
0.360000    -2052.786016
0.320000    -2052.792536
0.280000    -2052.735072
0.240000    -2052.740808
0.200000    -2052.710736
0.160000    -2052.674736
0.120000    -2052.709288
0.080000    -2052.784568
0.040000    -2052.721432
