4.000000    -4.867515
3.960000    -4.906321
3.920000    -4.902904
3.880000    -4.936840
3.840000    -5.154391
3.800000    -5.057685
3.760000    -5.186308
3.720000    -5.058318
3.680000    -5.324010
3.640000    -5.262302
3.600000    -5.336092
3.560000    -5.586640
3.520000    -5.456084
3.480000    -5.444611
3.440000    -5.586746
3.400000    -5.551708
3.360000    -5.592006
3.320000    -5.594051
3.280000    -5.686002
3.240000    -5.938742
3.200000    -6.004578
3.160000    -5.951027
3.120000    -6.171682
3.080000    -5.930136
3.040000    -6.416448
3.000000    -6.496908
2.960000    -6.594611
2.920000    -6.914447
2.880000    -6.711948
2.840000    -6.797192
2.800000    -6.798825
2.760000    -7.127280
2.720000    -7.197278
2.680000    -7.263434
2.640000    -7.232677
2.600000    -7.512203
2.560000    -7.429558
2.520000    -7.678258
2.480000    -7.689018
2.440000    -8.073396
2.400000    -8.052723
2.360000    -8.270004
2.320000    -8.237527
2.280000    -8.569392
2.240000    -8.680033
2.200000    -8.743631
2.160000    -9.135649
2.120000    -9.318342
2.080000    -9.196366
2.040000    -9.635109
2.000000    -9.691722
1.960000    -10.118296
1.920000    -10.010192
1.880000    -10.509898
1.840000    -10.721948
1.800000    -11.116917
1.760000    -11.242387
1.720000    -11.515208
1.680000    -11.894641
1.640000    -12.115496
1.600000    -12.371108
1.560000    -12.796252
1.520000    -13.175198
1.480000    -13.497998
1.440000    -13.936970
1.400000    -14.113430
1.360000    -14.675662
1.320000    -15.249049
1.280000    -15.639413
1.240000    -16.112451
1.200000    -16.668633
1.160000    -17.345305
1.120000    -17.937734
1.080000    -18.949049
1.040000    -19.669783
1.000000    -20.376881
0.960000    -21.397474
0.920000    -22.090911
0.880000    -23.695635
0.840000    -24.816470
0.800000    -26.109045
0.760000    -27.524775
0.720000    -29.074248
0.680000    -30.861574
0.640000    -33.270714
0.600000    -35.376423
0.560000    -38.120616
0.520000    -41.687384
0.480000    -45.850206
0.440000    -50.722910
0.400000    -57.467614
0.360000    -65.704316
0.320000    -76.751541
0.280000    -98.801700
0.240000    -147.422454
0.200000    -185.754584
0.160000    -202.533639
0.120000    -208.356665
0.080000    -208.996521
0.040000    -209.000000
