4.000000    5.623910
3.960000    2.725536
3.920000    7.828802
3.880000    7.095540
3.840000    2.546888
3.800000    3.041824
3.760000    4.194790
3.720000    5.330222
3.680000    0.882546
3.640000    5.017200
3.600000    3.252128
3.560000    3.234826
3.520000    1.021678
3.480000    3.127170
3.440000    7.236158
3.400000    0.679076
3.360000    4.382224
3.320000    1.592012
3.280000    3.923524
3.240000    4.520376
3.200000    2.317772
3.160000    1.868294
3.120000    0.037480
3.080000    7.098346
3.040000    7.509336
3.000000    8.207870
2.960000    3.727576
2.920000    2.066904
2.880000    4.403122
2.840000    4.161368
2.800000    2.439408
2.760000    13.211620
2.720000    4.949120
2.680000    5.410384
2.640000    6.227512
2.600000    8.925802
2.560000    10.892386
2.520000    6.151864
2.480000    8.837720
2.440000    8.177218
2.400000    7.829166
2.360000    6.947626
2.320000    13.820618
2.280000    9.605464
2.240000    -1.637340
2.200000    9.060914
2.160000    13.378982
2.120000    10.371774
2.080000    13.458472
2.040000    8.739958
2.000000    15.545264
1.960000    4.905222
1.920000    18.990174
1.880000    30.018478
1.840000    19.460470
1.800000    12.908518
1.760000    56.387700
1.720000    23.829798
1.680000    45.098590
1.640000    76.559494
1.600000    38.812536
1.560000    79.607136
1.520000    189.268764
1.480000    313.940686
1.440000    511.750678
1.400000    726.824912
1.360000    754.284740
1.320000    822.344926
1.280000    872.845596
1.240000    912.736666
1.200000    936.133162
1.160000    956.575150
1.120000    968.470330
1.080000    981.004986
1.040000    989.894672
1.000000    998.840468
0.960000    1003.408690
0.920000    1008.196234
0.880000    1012.111198
0.840000    1015.605752
0.800000    1017.728964
0.760000    1019.659930
0.720000    1020.917704
0.680000    1022.077244
0.640000    1022.657690
0.600000    1023.285662
0.560000    1023.541170
0.520000    1023.749666
0.480000    1023.857672
0.440000    1023.963860
0.400000    1023.950172
0.360000    1023.957928
0.320000    1023.929234
0.280000    1023.954240
0.240000    1023.921462
0.200000    1023.912060
0.160000    1023.933232
0.120000    1023.947454
0.080000    1023.923166
0.040000    1023.933672
