4.000000    13.540830
3.960000    6.437846
3.920000    16.860740
3.880000    4.538956
3.840000    13.675442
3.800000    -1.482218
3.760000    10.526554
3.720000    16.640914
3.680000    13.750736
3.640000    7.059740
3.600000    -14.425146
3.560000    19.202332
3.520000    -2.084696
3.480000    6.402820
3.440000    8.839966
3.400000    4.519540
3.360000    11.397738
3.320000    21.261786
3.280000    11.668124
3.240000    2.448470
3.200000    13.962238
3.160000    8.072260
3.120000    25.187674
3.080000    -6.512924
3.040000    37.804872
3.000000    -10.109546
2.960000    23.437412
2.920000    54.029814
2.880000    39.307728
2.840000    -5.821498
2.800000    55.143860
2.760000    53.943570
2.720000    33.640456
2.680000    19.283076
2.640000    79.550568
2.600000    10.052932
2.560000    41.487208
2.520000    163.853440
2.480000    113.736522
2.440000    270.898020
2.400000    503.424136
2.360000    567.895742
2.320000    712.457448
2.280000    605.447264
2.240000    746.941556
2.200000    835.270216
2.160000    866.604372
2.120000    890.051880
2.080000    905.313234
2.040000    921.006330
2.000000    930.550746
1.960000    946.483892
1.920000    955.986006
1.880000    966.205146
1.840000    975.706230
1.800000    980.234036
1.760000    985.013482
1.720000    989.048816
1.680000    996.333312
1.640000    999.782640
1.600000    1004.051094
1.560000    1006.614494
1.520000    1009.618248
1.480000    1011.483464
1.440000    1013.959510
1.400000    1015.418920
1.360000    1016.658272
1.320000    1017.951410
1.280000    1019.475162
1.240000    1020.238556
1.200000    1020.824694
1.160000    1021.774394
1.120000    1022.115514
1.080000    1022.618300
1.040000    1022.948382
1.000000    1023.277182
0.960000    1023.429124
0.920000    1023.607084
0.880000    1023.668020
0.840000    1023.761530
0.800000    1023.907440
0.760000    1023.951574
0.720000    1023.958522
0.680000    1023.921946
0.640000    1023.955348
0.600000    1023.909770
0.560000    1023.941734
0.520000    1023.943452
0.480000    1023.943464
0.440000    1023.951918
0.400000    1023.950468
0.360000    1023.946504
0.320000    1023.948134
0.280000    1023.933768
0.240000    1023.935202
0.200000    1023.927684
0.160000    1023.918684
0.120000    1023.927322
0.080000    1023.946142
0.040000    1023.930358
