4.000000    2.518196
3.960000    2.919352
3.920000    -1.018236
3.880000    2.590988
3.840000    -0.006364
3.800000    0.835208
3.760000    0.942406
3.720000    2.135180
3.680000    1.650684
3.640000    -1.129692
3.600000    1.570354
3.560000    3.677310
3.520000    2.319294
3.480000    1.306566
3.440000    2.079560
3.400000    0.296366
3.360000    1.143898
3.320000    0.779160
3.280000    2.076032
3.240000    0.831760
3.200000    1.894676
3.160000    0.485552
3.120000    3.057312
3.080000    0.542080
3.040000    2.327122
3.000000    2.867184
2.960000    2.230968
2.920000    1.077592
2.880000    0.973262
2.840000    1.898584
2.800000    3.372558
2.760000    -1.097906
2.720000    0.802580
2.680000    1.130612
2.640000    2.494594
2.600000    0.740850
2.560000    1.820002
2.520000    0.482472
2.480000    3.277522
2.440000    2.697572
2.400000    3.118740
2.360000    2.678586
2.320000    1.624152
2.280000    5.435732
2.240000    4.353658
2.200000    1.322508
2.160000    3.576524
2.120000    1.061970
2.080000    0.963686
2.040000    4.042758
2.000000    2.932772
1.960000    3.268448
1.920000    3.216908
1.880000    2.608024
1.840000    2.664366
1.800000    4.588694
1.760000    5.588180
1.720000    3.475606
1.680000    5.463052
1.640000    4.764600
1.600000    2.063894
1.560000    2.283424
1.520000    7.179202
1.480000    6.956638
1.440000    6.920266
1.400000    6.735872
1.360000    7.140156
1.320000    6.251208
1.280000    5.834232
1.240000    4.654688
1.200000    4.712424
1.160000    6.925358
1.120000    7.369152
1.080000    3.144968
1.040000    8.283694
1.000000    6.664774
0.960000    10.029428
0.920000    7.740184
0.880000    12.210684
0.840000    13.374252
0.800000    9.916460
0.760000    11.989396
0.720000    15.913918
0.680000    17.941960
0.640000    21.996474
0.600000    21.460896
0.560000    22.996426
0.520000    27.584786
0.480000    36.631244
0.440000    39.793144
0.400000    60.157060
0.360000    70.663844
0.320000    118.333692
0.280000    304.534436
0.240000    736.919064
0.200000    946.990254
0.160000    1004.806586
0.120000    1021.170176
0.080000    1023.850456
0.040000    1023.945130
