4.000000    -9155.730090
3.960000    -9249.041949
3.920000    -9379.345557
3.880000    -9461.071952
3.840000    -9591.463331
3.800000    -9720.755971
3.760000    -9850.345417
3.720000    -9997.632253
3.680000    -10146.321505
3.640000    -10278.262892
3.600000    -10418.106412
3.560000    -10577.478723
3.520000    -10741.182769
3.480000    -10907.192827
3.440000    -11071.433602
3.400000    -11241.792383
3.360000    -11420.249637
3.320000    -11591.447487
3.280000    -11816.170980
3.240000    -12010.007499
3.200000    -12206.727816
3.160000    -12447.111373
3.120000    -12653.690344
3.080000    -12891.801265
3.040000    -13129.295909
3.000000    -13427.935022
2.960000    -13626.828055
2.920000    -13965.985372
2.880000    -14284.077287
2.840000    -14507.397128
2.800000    -14873.090036
2.760000    -15243.932519
2.720000    -15598.589314
2.680000    -15987.249627
2.640000    -16372.590141
2.600000    -16836.755435
2.560000    -17221.961546
2.520000    -17805.193211
2.480000    -18383.345358
2.440000    -18954.450851
2.400000    -19570.892678
2.360000    -20548.323891
2.320000    -21305.593020
2.280000    -22096.782822
2.240000    -23031.676959
2.200000    -23901.245309
2.160000    -25084.566338
2.120000    -25872.866881
2.080000    -26436.422577
2.040000    -27216.949996
2.000000    -27656.581180
1.960000    -28139.713042
1.920000    -28559.865482
1.880000    -28899.724112
1.840000    -29286.851632
1.800000    -29576.661264
1.760000    -29859.912767
1.720000    -30108.922186
1.680000    -30371.619894
1.640000    -30549.003454
1.600000    -30762.563064
1.560000    -30946.177527
1.520000    -31081.199769
1.480000    -31221.614670
1.440000    -31355.505714
1.400000    -31463.096567
1.360000    -31571.467416
1.320000    -31672.007317
1.280000    -31742.720759
1.240000    -31806.071747
1.200000    -31868.374213
1.160000    -31924.073404
1.120000    -31964.508931
1.080000    -31999.299603
1.040000    -32036.018603
1.000000    -32057.163210
0.960000    -32094.196837
0.920000    -32115.507185
0.880000    -32129.752480
0.840000    -32148.655409
0.800000    -32167.720154
0.760000    -32170.793746
0.720000    -32181.184851
0.680000    -32198.701962
0.640000    -32207.696013
0.600000    -32211.382036
0.560000    -32220.674932
0.520000    -32227.025609
0.480000    -32237.877940
0.440000    -32238.465981
0.400000    -32240.961787
0.360000    -32248.080561
0.320000    -32247.481285
0.280000    -32245.520719
0.240000    -32248.241181
0.200000    -32247.497236
0.160000    -32244.216421
0.120000    -32248.130638
0.080000    -32251.864593
0.040000    -32246.562966
