4.000000    168.406226
3.960000    177.984360
3.920000    172.402442
3.880000    175.000487
3.840000    172.008203
3.800000    172.900098
3.760000    173.764769
3.720000    176.285346
3.680000    170.128333
3.640000    179.589249
3.600000    177.976607
3.560000    178.879533
3.520000    171.898634
3.480000    176.677330
3.440000    174.340359
3.400000    177.819454
3.360000    173.804615
3.320000    178.879861
3.280000    172.534018
3.240000    172.477319
3.200000    171.876862
3.160000    170.365316
3.120000    173.990996
3.080000    177.413990
3.040000    177.496862
3.000000    169.699347
2.960000    170.173226
2.920000    171.806580
2.880000    171.780757
2.840000    170.881570
2.800000    165.149678
2.760000    167.313422
2.720000    166.013462
2.680000    162.187255
2.640000    157.509152
2.600000    156.350704
2.560000    152.292058
2.520000    152.142687
2.480000    150.039196
2.440000    147.201941
2.400000    142.345729
2.360000    130.518754
2.320000    130.247557
2.280000    123.633277
2.240000    112.502051
2.200000    111.213235
2.160000    101.661802
2.120000    91.784746
2.080000    86.611143
2.040000    81.205343
2.000000    76.083145
1.960000    72.593599
1.920000    67.672800
1.880000    60.522661
1.840000    56.798374
1.800000    53.622886
1.760000    50.064480
1.720000    48.488329
1.680000    40.495317
1.640000    39.694749
1.600000    37.290662
1.560000    36.271731
1.520000    31.628392
1.480000    29.158813
1.440000    26.491980
1.400000    23.003231
1.360000    22.340601
1.320000    20.124370
1.280000    17.641498
1.240000    14.761845
1.200000    15.305329
1.160000    13.903988
1.120000    11.661222
1.080000    10.145511
1.040000    9.791064
1.000000    9.298352
0.960000    6.680503
0.920000    6.878293
0.880000    6.464651
0.840000    6.926986
0.800000    4.839512
0.760000    5.550360
0.720000    4.527105
0.680000    3.680340
0.640000    3.396959
0.600000    3.215140
0.560000    2.566540
0.520000    2.429716
0.480000    1.521826
0.440000    1.389679
0.400000    1.279668
0.360000    0.644130
0.320000    0.550429
0.280000    0.955758
0.240000    0.785147
0.200000    1.171914
0.160000    2.310758
0.120000    1.453462
0.080000    0.287044
0.040000    2.590467
