3.500000    6000
3.480000    7000
3.460000    3000
3.440000    4000
3.420000    6000
3.400000    5000
3.380000    7000
3.360000    6000
3.340000    7000
3.320000    4000
3.300000    3000
3.280000    7000
3.260000    4000
3.240000    4000
3.220000    5000
3.200000    8000
3.180000    3000
3.160000    5000
3.140000    10000
3.120000    4000
3.100000    3000
3.080000    5000
3.060000    4000
3.040000    4000
3.020000    3000
3.000000    4000
2.980000    6000
2.960000    6000
2.940000    3000
2.920000    23000
2.900000    3000
2.880000    4000
2.860000    5000
2.840000    3000
2.820000    4000
2.800000    8000
2.780000    4000
2.760000    3000
2.740000    3000
2.720000    9000
2.700000    7000
2.680000    3000
2.660000    5000
2.640000    4000
2.620000    3000
2.600000    11000
2.580000    3000
2.560000    12000
2.540000    5000
2.520000    5000
2.500000    5000
2.480000    15000
2.460000    8000
2.440000    6000
2.420000    5000
2.400000    5000
2.380000    4000
2.360000    7000
2.340000    4000
2.320000    9000
2.300000    8000
2.280000    4000
2.260000    12000
2.240000    11000
2.220000    14000
2.200000    9000
2.180000    6000
2.160000    16000
2.140000    9000
2.120000    6000
2.100000    17000
2.080000    8000
2.060000    14000
2.040000    13000
2.020000    8000
2.000000    9000
1.980000    10000
1.960000    9000
1.940000    8000
1.920000    15000
1.900000    6000
1.880000    11000
1.860000    10000
1.840000    16000
1.820000    14000
1.800000    5000
1.780000    18000
1.760000    8000
1.740000    23000
1.720000    45000
1.700000    8000
1.680000    17000
1.660000    13000
1.640000    20000
1.620000    38000
1.600000    22000
1.580000    19000
1.560000    16000
1.540000    31000
1.520000    24000
