0    1.000000
5000    0.022585
10000    -0.035170
15000    -0.041228
20000    -0.023326
25000    -0.014272
30000    0.035318
35000    -0.038700
40000    0.008061
45000    0.016319
50000    0.008928
55000    -0.000282
60000    -0.021680
65000    -0.072237
70000    0.065291
75000    0.025036
80000    0.007149
85000    -0.068469
90000    -0.014989
95000    -0.032939
100000    -0.009876
105000    0.020324
110000    0.024273
115000    -0.008471
120000    0.039236
125000    0.022447
130000    0.035849
135000    -0.035475
140000    -0.056868
145000    -0.060027
150000    0.039881
155000    0.009473
160000    -0.016987
165000    -0.002974
170000    -0.009500
175000    -0.032496
180000    -0.027683
185000    0.040067
190000    -0.029225
195000    0.036873
200000    0.010291
205000    -0.025051
210000    0.032473
215000    -0.031464
220000    0.009757
225000    0.011973
230000    0.002023
235000    -0.012561
240000    -0.008868
245000    0.045100
250000    0.011991
255000    -0.032122
260000    -0.027808
265000    0.033265
270000    0.009550
275000    0.005468
280000    0.034675
285000    -0.004816
290000    0.048727
295000    0.039306
300000    0.029556
305000    0.009303
310000    -0.062662
315000    0.027389
320000    -0.006278
325000    0.041156
330000    -0.045795
335000    0.018607
340000    0.043492
345000    0.041481
350000    0.008953
355000    -0.034197
360000    0.004983
365000    0.007233
370000    -0.007756
375000    0.009085
380000    -0.042176
385000    -0.066997
390000    -0.023005
395000    0.052446
400000    0.004914
405000    -0.017088
410000    -0.000718
415000    0.050827
420000    0.022462
425000    -0.018877
430000    -0.070764
435000    0.033930
440000    -0.033150
445000    0.018972
450000    -0.014395
455000    0.018200
460000    -0.014173
465000    0.040923
470000    -0.002447
475000    -0.030803
480000    -0.041052
485000    -0.000145
490000    0.033496
495000    -0.006430
