0    1.000000
5000    0.026383
10000    -0.012875
15000    -0.011323
20000    0.013407
25000    -0.030893
30000    -0.008766
35000    -0.000558
40000    0.003215
45000    -0.009454
50000    0.028347
55000    0.014236
60000    0.015340
65000    -0.024817
70000    -0.007517
75000    0.042212
80000    0.023884
85000    -0.010931
90000    -0.032910
95000    0.020666
100000    0.036925
105000    -0.037246
110000    0.030932
115000    0.062130
120000    -0.047493
125000    0.022030
130000    0.000748
135000    -0.026386
140000    0.031304
145000    0.011399
150000    -0.019885
155000    0.010913
160000    0.017213
165000    0.005621
170000    0.022986
175000    0.009537
180000    0.011707
185000    -0.016633
190000    0.018415
195000    0.021228
200000    -0.001447
205000    0.025435
210000    0.000266
215000    0.008548
220000    -0.008916
225000    0.029096
230000    0.034409
235000    0.002309
240000    0.007691
245000    -0.035187
250000    -0.015420
255000    -0.012317
260000    -0.008658
265000    0.010119
270000    0.039346
275000    -0.000250
280000    -0.014872
285000    0.064633
290000    0.035074
295000    0.000680
300000    -0.043556
305000    0.037778
310000    0.015838
315000    0.024355
320000    0.047975
325000    -0.006935
330000    -0.001263
335000    0.030352
340000    0.022281
345000    -0.019990
350000    -0.013866
355000    -0.019737
360000    0.018989
365000    0.019840
370000    -0.006123
375000    0.019321
380000    0.020350
385000    -0.006406
390000    -0.000889
395000    0.035921
400000    -0.040801
405000    0.003117
410000    -0.005178
415000    0.039806
420000    -0.019543
425000    0.009472
430000    0.031866
435000    0.045633
440000    -0.010971
445000    0.012658
450000    0.001061
455000    0.028874
460000    0.061930
465000    0.060837
470000    0.023805
475000    -0.020870
480000    -0.029150
485000    0.036263
490000    -0.017906
495000    -0.007976
