0    1.000000
5000    0.063486
10000    0.017663
15000    -0.026876
20000    -0.014991
25000    0.032705
30000    0.041814
35000    0.026285
40000    0.048164
45000    -0.072312
50000    0.007823
55000    0.014084
60000    0.015803
65000    -0.005030
70000    0.043414
75000    0.007686
80000    0.031465
85000    -0.013621
90000    0.023804
95000    -0.011353
100000    -0.055574
105000    -0.056929
110000    -0.065581
115000    -0.014531
120000    -0.005650
125000    0.013256
130000    -0.003835
135000    -0.050417
140000    -0.050806
145000    -0.056758
150000    -0.037314
155000    -0.047568
160000    -0.050175
165000    0.025532
170000    0.006689
175000    0.035961
180000    -0.026938
185000    -0.001272
190000    0.019471
195000    -0.020596
200000    0.004831
205000    -0.015046
210000    -0.033101
215000    0.085680
220000    -0.018057
225000    0.002962
230000    -0.026668
235000    0.028171
240000    -0.004706
245000    0.020625
250000    0.037585
255000    0.089813
260000    -0.027841
265000    -0.009224
270000    -0.033459
275000    0.059054
280000    0.017304
285000    -0.002949
290000    -0.052405
295000    -0.012490
300000    0.036145
305000    0.041106
310000    0.052297
315000    -0.002463
320000    -0.044339
325000    -0.026180
330000    0.005766
335000    -0.004136
340000    -0.027848
345000    -0.009987
350000    -0.059402
355000    -0.023106
360000    -0.007865
365000    -0.009726
370000    0.007331
375000    -0.035536
380000    -0.019726
385000    0.019628
390000    0.040502
395000    -0.001993
400000    -0.021632
405000    0.037971
410000    -0.026493
415000    -0.047073
420000    -0.042598
425000    -0.009049
430000    0.047068
435000    -0.016776
440000    0.011400
445000    -0.037553
450000    -0.008866
455000    -0.020445
460000    0.044108
465000    0.002109
470000    0.027455
475000    -0.012949
480000    -0.022896
485000    -0.080564
490000    -0.091967
495000    -0.029534
