0    1.000000
5000    0.852257
10000    0.750803
15000    0.654569
20000    0.576973
25000    0.496476
30000    0.426371
35000    0.357218
40000    0.286053
45000    0.226464
50000    0.167878
55000    0.125524
60000    0.086261
65000    0.057579
70000    0.032831
75000    0.009023
80000    -0.003741
85000    -0.005926
90000    -0.006223
95000    -0.006573
100000    -0.007128
105000    -0.007782
110000    -0.008151
115000    -0.008525
120000    -0.008918
125000    -0.009282
130000    -0.009645
135000    -0.010036
140000    -0.010428
145000    -0.010797
150000    -0.011179
155000    -0.011541
160000    -0.011935
165000    -0.012277
170000    -0.012658
175000    -0.013055
180000    -0.013440
185000    -0.013826
190000    -0.014162
195000    -0.014526
200000    -0.014909
205000    -0.015857
210000    -0.016301
215000    -0.016738
220000    -0.017188
225000    -0.017624
230000    -0.018027
235000    -0.018476
240000    -0.019155
245000    -0.020010
250000    -0.020514
255000    -0.021034
260000    -0.021529
265000    -0.022033
270000    -0.022583
275000    -0.023125
280000    -0.023654
285000    -0.024150
290000    -0.024703
295000    -0.025204
300000    -0.025750
305000    -0.026269
310000    -0.027050
315000    -0.027628
320000    -0.028112
325000    -0.028641
330000    -0.029136
335000    -0.029699
340000    -0.030180
345000    -0.031363
350000    -0.031887
355000    -0.032522
360000    -0.033037
365000    -0.033633
370000    -0.034218
375000    -0.034746
380000    -0.035509
385000    -0.035933
390000    -0.036476
395000    -0.037280
400000    -0.039769
405000    -0.040519
410000    -0.041351
415000    -0.042111
420000    -0.042952
425000    -0.043740
430000    -0.044684
435000    -0.045513
440000    -0.046842
445000    -0.047945
450000    -0.048864
455000    -0.049813
460000    -0.050744
465000    -0.051734
470000    -0.052667
475000    -0.053613
480000    -0.054585
485000    -0.056040
490000    -0.057193
495000    -0.058255
