0    1.000000
5000    0.226899
10000    0.013740
15000    -0.092135
20000    -0.022735
25000    0.000973
30000    0.000031
35000    0.100712
40000    0.009181
45000    0.011329
50000    -0.047158
55000    0.116063
60000    0.117454
65000    0.032611
70000    0.009362
75000    -0.012300
80000    -0.083939
85000    -0.106759
90000    0.041434
95000    0.177817
100000    0.121609
105000    0.027954
110000    -0.054852
115000    0.010595
120000    0.062355
125000    0.045596
130000    0.069461
135000    -0.000101
140000    -0.106146
145000    -0.157976
150000    -0.029517
155000    0.090620
160000    0.124047
165000    0.051387
170000    0.007976
175000    0.009890
180000    -0.001191
185000    -0.002477
190000    -0.006191
195000    -0.014649
200000    -0.041394
205000    -0.028186
210000    -0.036753
215000    0.043524
220000    0.062452
225000    0.062975
230000    0.006294
235000    -0.000268
240000    -0.024513
245000    -0.037845
250000    -0.072670
255000    0.103659
260000    0.102861
265000    0.010837
270000    0.109462
275000    0.107526
280000    0.048617
285000    -0.033792
290000    -0.012022
295000    -0.036856
300000    -0.067051
305000    -0.072773
310000    0.065260
315000    0.102488
320000    0.001078
325000    -0.096144
330000    -0.002192
335000    0.030235
340000    -0.063462
345000    -0.016023
350000    -0.050641
355000    -0.126127
360000    -0.031189
365000    0.031217
370000    0.101419
375000    0.055610
380000    0.003665
385000    -0.038835
390000    -0.072847
395000    -0.058096
400000    -0.102386
405000    -0.030950
410000    -0.038230
415000    -0.083094
420000    -0.047764
425000    0.010069
430000    0.040913
435000    -0.008264
440000    0.045703
445000    -0.071410
450000    -0.077111
455000    -0.128509
460000    -0.089863
465000    -0.002338
470000    -0.045165
475000    0.012068
480000    0.036276
485000    0.057981
490000    0.037430
495000    -0.008102
