0    1.000000
5000    0.873369
10000    0.771958
15000    0.681947
20000    0.616613
25000    0.545705
30000    0.496195
35000    0.439208
40000    0.384384
45000    0.337915
50000    0.294196
55000    0.249177
60000    0.201332
65000    0.154614
70000    0.103275
75000    0.056372
80000    0.020865
85000    0.011089
90000    0.011222
95000    0.011121
100000    0.008955
105000    0.005790
110000    0.005224
115000    0.004692
120000    0.004061
125000    0.004138
130000    0.003866
135000    0.003442
140000    0.002989
145000    0.002581
150000    0.002043
155000    0.001717
160000    0.001545
165000    0.001706
170000    0.001481
175000    0.000947
180000    0.000405
185000    0.000119
190000    0.000566
195000    0.000738
200000    0.000751
205000    -0.004415
210000    -0.004939
215000    -0.005584
220000    -0.006166
225000    -0.006163
230000    -0.006042
235000    -0.005897
240000    -0.007587
245000    -0.011653
250000    -0.012374
255000    -0.013124
260000    -0.013328
265000    -0.013571
270000    -0.014320
275000    -0.014767
280000    -0.015367
285000    -0.015834
290000    -0.016394
295000    -0.016652
300000    -0.016941
305000    -0.017072
310000    -0.019447
315000    -0.019790
320000    -0.018602
325000    -0.017823
330000    -0.017253
335000    -0.017234
340000    -0.016246
345000    -0.021898
350000    -0.022585
355000    -0.023097
360000    -0.022361
365000    -0.022178
370000    -0.023046
375000    -0.022716
380000    -0.023278
385000    -0.021252
390000    -0.020198
395000    -0.019904
400000    -0.036783
405000    -0.037255
410000    -0.038386
415000    -0.038977
420000    -0.039939
425000    -0.039930
430000    -0.041820
435000    -0.042312
440000    -0.046989
445000    -0.049930
450000    -0.050496
455000    -0.051717
460000    -0.052638
465000    -0.053657
470000    -0.053926
475000    -0.054436
480000    -0.054543
485000    -0.059092
490000    -0.061524
495000    -0.062715
