-4096    0
-4095    0
-4094    0
-4093    0
-4092    0
-4091    0
-4090    0
-4089    0
-4088    0
-4087    0
-4086    0
-4085    0
-4084    0
-4083    0
-4082    0
-4081    0
-4080    0
-4079    0
-4078    0
-4077    0
-4076    0
-4075    0
-4074    0
-4073    0
-4072    0
-4071    0
-4070    0
-4069    0
-4068    0
-4067    0
-4066    0
-4065    0
-4064    0
-4063    0
-4062    0
-4061    0
-4060    0
-4059    0
-4058    0
-4057    0
-4056    0
-4055    0
-4054    0
-4053    0
-4052    0
-4051    0
-4050    0
-4049    0
-4048    0
-4047    0
-4046    0
-4045    0
-4044    0
-4043    0
-4042    0
-4041    0
-4040    0
-4039    0
-4038    0
-4037    0
-4036    0
-4035    0
-4034    0
-4033    0
-4032    0
-4031    0
-4030    0
-4029    0
-4028    0
-4027    0
-4026    0
-4025    0
-4024    0
-4023    0
-4022    0
-4021    0
-4020    0
-4019    0
-4018    0
-4017    0
-4016    0
-4015    0
-4014    0
-4013    0
-4012    0
-4011    0
-4010    0
-4009    0
-4008    0
-4007    0
-4006    0
-4005    0
-4004    0
-4003    0
-4002    0
-4001    0
-4000    0
-3999    0
-3998    0
-3997    0
-3996    0
-3995    0
-3994    0
-3993    0
-3992    0
-3991    0
-3990    0
-3989    0
-3988    0
-3987    0
-3986    0
-3985    0
-3984    0
-3983    0
-3982    0
-3981    0
-3980    0
-3979    0
-3978    0
-3977    0
-3976    0
-3975    0
-3974    0
-3973    0
-3972    0
-3971    0
-3970    0
-3969    0
-3968    0
-3967    0
-3966    0
-3965    0
-3964    0
-3963    0
-3962    0
-3961    0
-3960    0
-3959    0
-3958    0
-3957    0
-3956    0
-3955    0
-3954    0
-3953    0
-3952    0
-3951    0
-3950    0
-3949    0
-3948    0
-3947    0
-3946    0
-3945    0
-3944    0
-3943    0
-3942    0
-3941    0
-3940    0
-3939    0
-3938    0
-3937    0
-3936    0
-3935    0
-3934    0
-3933    0
-3932    0
-3931    0
-3930    0
-3929    0
-3928    0
-3927    0
-3926    0
-3925    0
-3924    0
-3923    0
-3922    0
-3921    0
-3920    0
-3919    0
-3918    0
-3917    0
-3916    0
-3915    0
-3914    0
-3913    0
-3912    0
-3911    0
-3910    0
-3909    0
-3908    0
-3907    0
-3906    0
-3905    0
-3904    0
-3903    0
-3902    0
-3901    0
-3900    0
-3899    0
-3898    0
-3897    0
-3896    0
-3895    0
-3894    0
-3893    0
-3892    0
-3891    0
-3890    0
-3889    0
-3888    0
-3887    0
-3886    0
-3885    0
-3884    0
-3883    0
-3882    0
-3881    0
-3880    0
-3879    0
-3878    0
-3877    0
-3876    0
-3875    0
-3874    0
-3873    0
-3872    0
-3871    0
-3870    0
-3869    0
-3868    0
-3867    0
-3866    0
-3865    0
-3864    0
-3863    0
-3862    0
-3861    0
-3860    0
-3859    0
-3858    0
-3857    0
-3856    0
-3855    0
-3854    0
-3853    0
-3852    0
-3851    0
-3850    0
-3849    0
-3848    0
-3847    0
-3846    0
-3845    0
-3844    0
-3843    0
-3842    0
-3841    0
-3840    0
-3839    0
-3838    0
-3837    0
-3836    0
-3835    0
-3834    0
-3833    0
-3832    0
-3831    0
-3830    0
-3829    0
-3828    0
-3827    0
-3826    0
-3825    0
-3824    0
-3823    0
-3822    0
-3821    0
-3820    0
-3819    0
-3818    0
-3817    0
-3816    0
-3815    0
-3814    0
-3813    0
-3812    0
-3811    0
-3810    0
-3809    0
-3808    0
-3807    0
-3806    0
-3805    0
-3804    0
-3803    0
-3802    0
-3801    0
-3800    0
-3799    0
-3798    0
-3797    0
-3796    0
-3795    0
-3794    0
-3793    0
-3792    0
-3791    0
-3790    0
-3789    0
-3788    0
-3787    0
-3786    0
-3785    0
-3784    0
-3783    0
-3782    0
-3781    0
-3780    0
-3779    0
-3778    0
-3777    0
-3776    0
-3775    0
-3774    0
-3773    0
-3772    0
-3771    0
-3770    0
-3769    0
-3768    0
-3767    0
-3766    0
-3765    0
-3764    0
-3763    0
-3762    0
-3761    0
-3760    0
-3759    0
-3758    0
-3757    0
-3756    0
-3755    0
-3754    0
-3753    0
-3752    0
-3751    0
-3750    0
-3749    0
-3748    0
-3747    0
-3746    0
-3745    0
-3744    0
-3743    0
-3742    0
-3741    0
-3740    0
-3739    0
-3738    0
-3737    0
-3736    0
-3735    0
-3734    0
-3733    0
-3732    0
-3731    0
-3730    0
-3729    0
-3728    0
-3727    0
-3726    0
-3725    0
-3724    0
-3723    0
-3722    0
-3721    0
-3720    0
-3719    0
-3718    0
-3717    0
-3716    0
-3715    0
-3714    0
-3713    0
-3712    0
-3711    0
-3710    0
-3709    0
-3708    0
-3707    0
-3706    0
-3705    0
-3704    0
-3703    0
-3702    0
-3701    0
-3700    0
-3699    0
-3698    0
-3697    0
-3696    0
-3695    0
-3694    0
-3693    0
-3692    0
-3691    0
-3690    0
-3689    0
-3688    0
-3687    0
-3686    0
-3685    0
-3684    0
-3683    0
-3682    0
-3681    0
-3680    0
-3679    0
-3678    0
-3677    0
-3676    0
-3675    0
-3674    0
-3673    0
-3672    0
-3671    0
-3670    0
-3669    0
-3668    0
-3667    0
-3666    0
-3665    0
-3664    0
-3663    0
-3662    0
-3661    0
-3660    0
-3659    0
-3658    0
-3657    0
-3656    0
-3655    0
-3654    0
-3653    0
-3652    0
-3651    0
-3650    0
-3649    0
-3648    0
-3647    0
-3646    0
-3645    0
-3644    0
-3643    0
-3642    0
-3641    0
-3640    0
-3639    0
-3638    0
-3637    0
-3636    0
-3635    0
-3634    0
-3633    0
-3632    0
-3631    0
-3630    0
-3629    0
-3628    0
-3627    0
-3626    0
-3625    0
-3624    0
-3623    0
-3622    0
-3621    0
-3620    0
-3619    0
-3618    0
-3617    0
-3616    0
-3615    0
-3614    0
-3613    0
-3612    0
-3611    0
-3610    0
-3609    0
-3608    0
-3607    0
-3606    0
-3605    0
-3604    0
-3603    0
-3602    0
-3601    0
-3600    0
-3599    0
-3598    0
-3597    0
-3596    0
-3595    0
-3594    0
-3593    0
-3592    0
-3591    0
-3590    0
-3589    0
-3588    0
-3587    0
-3586    0
-3585    0
-3584    0
-3583    0
-3582    0
-3581    0
-3580    0
-3579    0
-3578    0
-3577    0
-3576    0
-3575    0
-3574    0
-3573    0
-3572    0
-3571    0
-3570    0
-3569    0
-3568    0
-3567    0
-3566    0
-3565    0
-3564    0
-3563    0
-3562    0
-3561    0
-3560    1
-3559    0
-3558    0
-3557    0
-3556    0
-3555    0
-3554    0
-3553    0
-3552    0
-3551    0
-3550    0
-3549    0
-3548    0
-3547    0
-3546    0
-3545    0
-3544    0
-3543    0
-3542    0
-3541    0
-3540    0
-3539    0
-3538    0
-3537    0
-3536    0
-3535    0
-3534    0
-3533    0
-3532    1
-3531    0
-3530    0
-3529    0
-3528    0
-3527    0
-3526    0
-3525    0
-3524    0
-3523    0
-3522    0
-3521    0
-3520    0
-3519    0
-3518    0
-3517    0
-3516    0
-3515    0
-3514    1
-3513    0
-3512    0
-3511    0
-3510    0
-3509    0
-3508    1
-3507    0
-3506    0
-3505    0
-3504    1
-3503    0
-3502    0
-3501    0
-3500    2
-3499    0
-3498    0
-3497    0
-3496    1
-3495    0
-3494    0
-3493    0
-3492    0
-3491    0
-3490    0
-3489    0
-3488    1
-3487    0
-3486    0
-3485    0
-3484    0
-3483    0
-3482    1
-3481    0
-3480    2
-3479    0
-3478    2
-3477    0
-3476    1
-3475    0
-3474    3
-3473    0
-3472    0
-3471    0
-3470    1
-3469    0
-3468    3
-3467    0
-3466    2
-3465    0
-3464    2
-3463    0
-3462    3
-3461    0
-3460    6
-3459    0
-3458    3
-3457    0
-3456    1
-3455    0
-3454    4
-3453    0
-3452    5
-3451    0
-3450    5
-3449    0
-3448    5
-3447    0
-3446    4
-3445    0
-3444    7
-3443    0
-3442    7
-3441    0
-3440    6
-3439    0
-3438    12
-3437    0
-3436    7
-3435    0
-3434    9
-3433    0
-3432    9
-3431    0
-3430    13
-3429    0
-3428    8
-3427    0
-3426    11
-3425    0
-3424    13
-3423    0
-3422    14
-3421    0
-3420    10
-3419    0
-3418    18
-3417    0
-3416    17
-3415    0
-3414    12
-3413    0
-3412    14
-3411    0
-3410    15
-3409    0
-3408    22
-3407    0
-3406    17
-3405    0
-3404    20
-3403    0
-3402    20
-3401    0
-3400    16
-3399    0
-3398    15
-3397    0
-3396    28
-3395    0
-3394    19
-3393    0
-3392    20
-3391    0
-3390    23
-3389    0
-3388    26
-3387    0
-3386    24
-3385    0
-3384    27
-3383    0
-3382    33
-3381    0
-3380    30
-3379    0
-3378    26
-3377    0
-3376    34
-3375    0
-3374    30
-3373    0
-3372    37
-3371    0
-3370    43
-3369    0
-3368    42
-3367    0
-3366    29
-3365    0
-3364    32
-3363    0
-3362    49
-3361    0
-3360    43
-3359    0
-3358    44
-3357    0
-3356    42
-3355    0
-3354    39
-3353    0
-3352    35
-3351    0
-3350    42
-3349    0
-3348    42
-3347    0
-3346    44
-3345    0
-3344    54
-3343    0
-3342    54
-3341    0
-3340    53
-3339    0
-3338    49
-3337    0
-3336    52
-3335    0
-3334    64
-3333    0
-3332    57
-3331    0
-3330    60
-3329    0
-3328    78
-3327    0
-3326    74
-3325    0
-3324    60
-3323    0
-3322    68
-3321    0
-3320    72
-3319    0
-3318    67
-3317    0
-3316    72
-3315    0
-3314    93
-3313    0
-3312    87
-3311    0
-3310    87
-3309    0
-3308    72
-3307    0
-3306    89
-3305    0
-3304    96
-3303    0
-3302    95
-3301    0
-3300    104
-3299    0
-3298    88
-3297    0
-3296    87
-3295    0
-3294    107
-3293    0
-3292    100
-3291    0
-3290    131
-3289    0
-3288    106
-3287    0
-3286    112
-3285    0
-3284    100
-3283    0
-3282    124
-3281    0
-3280    121
-3279    0
-3278    124
-3277    0
-3276    114
-3275    0
-3274    121
-3273    0
-3272    129
-3271    0
-3270    89
-3269    0
-3268    151
-3267    0
-3266    136
-3265    0
-3264    152
-3263    0
-3262    138
-3261    0
-3260    154
-3259    0
-3258    174
-3257    0
-3256    155
-3255    0
-3254    146
-3253    0
-3252    170
-3251    0
-3250    162
-3249    0
-3248    150
-3247    0
-3246    201
-3245    0
-3244    198
-3243    0
-3242    192
-3241    0
-3240    179
-3239    0
-3238    187
-3237    0
-3236    189
-3235    0
-3234    174
-3233    0
-3232    203
-3231    0
-3230    218
-3229    0
-3228    204
-3227    0
-3226    209
-3225    0
-3224    205
-3223    0
-3222    205
-3221    0
-3220    215
-3219    0
-3218    236
-3217    0
-3216    235
-3215    0
-3214    232
-3213    0
-3212    222
-3211    0
-3210    257
-3209    0
-3208    230
-3207    0
-3206    240
-3205    0
-3204    232
-3203    0
-3202    241
-3201    0
-3200    246
-3199    0
-3198    227
-3197    0
-3196    239
-3195    0
-3194    260
-3193    0
-3192    247
-3191    0
-3190    268
-3189    0
-3188    273
-3187    0
-3186    250
-3185    0
-3184    255
-3183    0
-3182    257
-3181    0
-3180    304
-3179    0
-3178    247
-3177    0
-3176    258
-3175    0
-3174    282
-3173    0
-3172    282
-3171    0
-3170    278
-3169    0
-3168    280
-3167    0
-3166    286
-3165    0
-3164    309
-3163    0
-3162    300
-3161    0
-3160    281
-3159    0
-3158    311
-3157    0
-3156    286
-3155    0
-3154    317
-3153    0
-3152    269
-3151    0
-3150    306
-3149    0
-3148    298
-3147    0
-3146    325
-3145    0
-3144    323
-3143    0
-3142    356
-3141    0
-3140    360
-3139    0
-3138    308
-3137    0
-3136    296
-3135    0
-3134    336
-3133    0
-3132    340
-3131    0
-3130    342
-3129    0
-3128    340
-3127    0
-3126    354
-3125    0
-3124    370
-3123    0
-3122    372
-3121    0
-3120    385
-3119    0
-3118    390
-3117    0
-3116    372
-3115    0
-3114    375
-3113    0
-3112    367
-3111    0
-3110    356
-3109    0
-3108    369
-3107    0
-3106    360
-3105    0
-3104    336
-3103    0
-3102    365
-3101    0
-3100    387
-3099    0
-3098    375
-3097    0
-3096    381
-3095    0
-3094    386
-3093    0
-3092    380
-3091    0
-3090    371
-3089    0
-3088    387
-3087    0
-3086    405
-3085    0
-3084    422
-3083    0
-3082    421
-3081    0
-3080    389
-3079    0
-3078    397
-3077    0
-3076    425
-3075    0
-3074    431
-3073    0
-3072    399
-3071    0
-3070    405
-3069    0
-3068    390
-3067    0
-3066    441
-3065    0
-3064    412
-3063    0
-3062    393
-3061    0
-3060    419
-3059    0
-3058    431
-3057    0
-3056    449
-3055    0
-3054    429
-3053    0
-3052    463
-3051    0
-3050    449
-3049    0
-3048    434
-3047    0
-3046    418
-3045    0
-3044    470
-3043    0
-3042    419
-3041    0
-3040    409
-3039    0
-3038    457
-3037    0
-3036    419
-3035    0
-3034    473
-3033    0
-3032    407
-3031    0
-3030    451
-3029    0
-3028    444
-3027    0
-3026    450
-3025    0
-3024    463
-3023    0
-3022    458
-3021    0
-3020    466
-3019    0
-3018    459
-3017    0
-3016    473
-3015    0
-3014    444
-3013    0
-3012    460
-3011    0
-3010    441
-3009    0
-3008    459
-3007    0
-3006    464
-3005    0
-3004    479
-3003    0
-3002    434
-3001    0
-3000    454
-2999    0
-2998    476
-2997    0
-2996    439
-2995    0
-2994    503
-2993    0
-2992    460
-2991    0
-2990    455
-2989    0
-2988    466
-2987    0
-2986    451
-2985    0
-2984    462
-2983    0
-2982    482
-2981    0
-2980    479
-2979    0
-2978    481
-2977    0
-2976    478
-2975    0
-2974    461
-2973    0
-2972    472
-2971    0
-2970    515
-2969    0
-2968    482
-2967    0
-2966    516
-2965    0
-2964    479
-2963    0
-2962    482
-2961    0
-2960    455
-2959    0
-2958    469
-2957    0
-2956    507
-2955    0
-2954    462
-2953    0
-2952    471
-2951    0
-2950    499
-2949    0
-2948    451
-2947    0
-2946    494
-2945    0
-2944    451
-2943    0
-2942    452
-2941    0
-2940    475
-2939    0
-2938    478
-2937    0
-2936    474
-2935    0
-2934    453
-2933    0
-2932    496
-2931    0
-2930    470
-2929    0
-2928    470
-2927    0
-2926    447
-2925    0
-2924    454
-2923    0
-2922    432
-2921    0
-2920    455
-2919    0
-2918    476
-2917    0
-2916    425
-2915    0
-2914    445
-2913    0
-2912    491
-2911    0
-2910    474
-2909    0
-2908    455
-2907    0
-2906    489
-2905    0
-2904    414
-2903    0
-2902    429
-2901    0
-2900    426
-2899    0
-2898    480
-2897    0
-2896    438
-2895    0
-2894    430
-2893    0
-2892    441
-2891    0
-2890    484
-2889    0
-2888    422
-2887    0
-2886    498
-2885    0
-2884    440
-2883    0
-2882    469
-2881    0
-2880    469
-2879    0
-2878    419
-2877    0
-2876    480
-2875    0
-2874    407
-2873    0
-2872    486
-2871    0
-2870    502
-2869    0
-2868    452
-2867    0
-2866    460
-2865    0
-2864    443
-2863    0
-2862    420
-2861    0
-2860    462
-2859    0
-2858    484
-2857    0
-2856    463
-2855    0
-2854    436
-2853    0
-2852    452
-2851    0
-2850    450
-2849    0
-2848    434
-2847    0
-2846    455
-2845    0
-2844    426
-2843    0
-2842    460
-2841    0
-2840    472
-2839    0
-2838    459
-2837    0
-2836    441
-2835    0
-2834    475
-2833    0
-2832    444
-2831    0
-2830    451
-2829    0
-2828    475
-2827    0
-2826    477
-2825    0
-2824    451
-2823    0
-2822    423
-2821    0
-2820    442
-2819    0
-2818    443
-2817    0
-2816    442
-2815    0
-2814    445
-2813    0
-2812    447
-2811    0
-2810    442
-2809    0
-2808    494
-2807    0
-2806    455
-2805    0
-2804    505
-2803    0
-2802    460
-2801    0
-2800    484
-2799    0
-2798    469
-2797    0
-2796    464
-2795    0
-2794    478
-2793    0
-2792    465
-2791    0
-2790    457
-2789    0
-2788    430
-2787    0
-2786    473
-2785    0
-2784    462
-2783    0
-2782    425
-2781    0
-2780    458
-2779    0
-2778    418
-2777    0
-2776    476
-2775    0
-2774    464
-2773    0
-2772    430
-2771    0
-2770    424
-2769    0
-2768    475
-2767    0
-2766    447
-2765    0
-2764    450
-2763    0
-2762    431
-2761    0
-2760    439
-2759    0
-2758    447
-2757    0
-2756    466
-2755    0
-2754    486
-2753    0
-2752    470
-2751    0
-2750    475
-2749    0
-2748    460
-2747    0
-2746    434
-2745    0
-2744    418
-2743    0
-2742    428
-2741    0
-2740    457
-2739    0
-2738    422
-2737    0
-2736    451
-2735    0
-2734    434
-2733    0
-2732    453
-2731    0
-2730    423
-2729    0
-2728    427
-2727    0
-2726    425
-2725    0
-2724    414
-2723    0
-2722    466
-2721    0
-2720    426
-2719    0
-2718    415
-2717    0
-2716    401
-2715    0
-2714    409
-2713    0
-2712    412
-2711    0
-2710    401
-2709    0
-2708    370
-2707    0
-2706    383
-2705    0
-2704    455
-2703    0
-2702    415
-2701    0
-2700    385
-2699    0
-2698    403
-2697    0
-2696    378
-2695    0
-2694    401
-2693    0
-2692    379
-2691    0
-2690    369
-2689    0
-2688    401
-2687    0
-2686    376
-2685    0
-2684    380
-2683    0
-2682    388
-2681    0
-2680    388
-2679    0
-2678    406
-2677    0
-2676    381
-2675    0
-2674    382
-2673    0
-2672    358
-2671    0
-2670    365
-2669    0
-2668    360
-2667    0
-2666    354
-2665    0
-2664    360
-2663    0
-2662    352
-2661    0
-2660    374
-2659    0
-2658    375
-2657    0
-2656    386
-2655    0
-2654    365
-2653    0
-2652    359
-2651    0
-2650    339
-2649    0
-2648    378
-2647    0
-2646    354
-2645    0
-2644    369
-2643    0
-2642    343
-2641    0
-2640    376
-2639    0
-2638    356
-2637    0
-2636    356
-2635    0
-2634    353
-2633    0
-2632    356
-2631    0
-2630    355
-2629    0
-2628    324
-2627    0
-2626    364
-2625    0
-2624    348
-2623    0
-2622    328
-2621    0
-2620    324
-2619    0
-2618    313
-2617    0
-2616    333
-2615    0
-2614    330
-2613    0
-2612    319
-2611    0
-2610    322
-2609    0
-2608    345
-2607    0
-2606    321
-2605    0
-2604    340
-2603    0
-2602    342
-2601    0
-2600    331
-2599    0
-2598    330
-2597    0
-2596    315
-2595    0
-2594    333
-2593    0
-2592    326
-2591    0
-2590    304
-2589    0
-2588    310
-2587    0
-2586    299
-2585    0
-2584    328
-2583    0
-2582    293
-2581    0
-2580    317
-2579    0
-2578    302
-2577    0
-2576    319
-2575    0
-2574    315
-2573    0
-2572    285
-2571    0
-2570    253
-2569    0
-2568    286
-2567    0
-2566    291
-2565    0
-2564    287
-2563    0
-2562    280
-2561    0
-2560    285
-2559    0
-2558    282
-2557    0
-2556    298
-2555    0
-2554    298
-2553    0
-2552    254
-2551    0
-2550    275
-2549    0
-2548    245
-2547    0
-2546    239
-2545    0
-2544    274
-2543    0
-2542    225
-2541    0
-2540    282
-2539    0
-2538    290
-2537    0
-2536    266
-2535    0
-2534    266
-2533    0
-2532    260
-2531    0
-2530    250
-2529    0
-2528    252
-2527    0
-2526    249
-2525    0
-2524    242
-2523    0
-2522    264
-2521    0
-2520    255
-2519    0
-2518    257
-2517    0
-2516    227
-2515    0
-2514    260
-2513    0
-2512    247
-2511    0
-2510    226
-2509    0
-2508    247
-2507    0
-2506    250
-2505    0
-2504    229
-2503    0
-2502    256
-2501    0
-2500    232
-2499    0
-2498    247
-2497    0
-2496    226
-2495    0
-2494    249
-2493    0
-2492    243
-2491    0
-2490    226
-2489    0
-2488    223
-2487    0
-2486    221
-2485    0
-2484    220
-2483    0
-2482    237
-2481    0
-2480    225
-2479    0
-2478    236
-2477    0
-2476    215
-2475    0
-2474    223
-2473    0
-2472    251
-2471    0
-2470    221
-2469    0
-2468    209
-2467    0
-2466    217
-2465    0
-2464    220
-2463    0
-2462    224
-2461    0
-2460    190
-2459    0
-2458    229
-2457    0
-2456    208
-2455    0
-2454    219
-2453    0
-2452    214
-2451    0
-2450    191
-2449    0
-2448    212
-2447    0
-2446    186
-2445    0
-2444    217
-2443    0
-2442    192
-2441    0
-2440    195
-2439    0
-2438    179
-2437    0
-2436    197
-2435    0
-2434    207
-2433    0
-2432    199
-2431    0
-2430    174
-2429    0
-2428    161
-2427    0
-2426    188
-2425    0
-2424    172
-2423    0
-2422    163
-2421    0
-2420    179
-2419    0
-2418    182
-2417    0
-2416    190
-2415    0
-2414    195
-2413    0
-2412    179
-2411    0
-2410    179
-2409    0
-2408    182
-2407    0
-2406    165
-2405    0
-2404    166
-2403    0
-2402    168
-2401    0
-2400    171
-2399    0
-2398    155
-2397    0
-2396    177
-2395    0
-2394    156
-2393    0
-2392    167
-2391    0
-2390    159
-2389    0
-2388    158
-2387    0
-2386    155
-2385    0
-2384    159
-2383    0
-2382    163
-2381    0
-2380    133
-2379    0
-2378    162
-2377    0
-2376    172
-2375    0
-2374    158
-2373    0
-2372    150
-2371    0
-2370    160
-2369    0
-2368    183
-2367    0
-2366    160
-2365    0
-2364    175
-2363    0
-2362    169
-2361    0
-2360    149
-2359    0
-2358    168
-2357    0
-2356    158
-2355    0
-2354    146
-2353    0
-2352    124
-2351    0
-2350    156
-2349    0
-2348    168
-2347    0
-2346    152
-2345    0
-2344    142
-2343    0
-2342    141
-2341    0
-2340    127
-2339    0
-2338    134
-2337    0
-2336    148
-2335    0
-2334    141
-2333    0
-2332    135
-2331    0
-2330    154
-2329    0
-2328    135
-2327    0
-2326    142
-2325    0
-2324    145
-2323    0
-2322    114
-2321    0
-2320    144
-2319    0
-2318    146
-2317    0
-2316    141
-2315    0
-2314    110
-2313    0
-2312    129
-2311    0
-2310    127
-2309    0
-2308    144
-2307    0
-2306    155
-2305    0
-2304    129
-2303    0
-2302    120
-2301    0
-2300    132
-2299    0
-2298    141
-2297    0
-2296    141
-2295    0
-2294    126
-2293    0
-2292    107
-2291    0
-2290    137
-2289    0
-2288    131
-2287    0
-2286    120
-2285    0
-2284    132
-2283    0
-2282    121
-2281    0
-2280    111
-2279    0
-2278    106
-2277    0
-2276    110
-2275    0
-2274    122
-2273    0
-2272    124
-2271    0
-2270    107
-2269    0
-2268    126
-2267    0
-2266    105
-2265    0
-2264    115
-2263    0
-2262    99
-2261    0
-2260    99
-2259    0
-2258    109
-2257    0
-2256    125
-2255    0
-2254    104
-2253    0
-2252    110
-2251    0
-2250    107
-2249    0
-2248    94
-2247    0
-2246    102
-2245    0
-2244    102
-2243    0
-2242    110
-2241    0
-2240    121
-2239    0
-2238    100
-2237    0
-2236    124
-2235    0
-2234    112
-2233    0
-2232    106
-2231    0
-2230    107
-2229    0
-2228    86
-2227    0
-2226    108
-2225    0
-2224    97
-2223    0
-2222    104
-2221    0
-2220    95
-2219    0
-2218    107
-2217    0
-2216    115
-2215    0
-2214    109
-2213    0
-2212    96
-2211    0
-2210    115
-2209    0
-2208    102
-2207    0
-2206    96
-2205    0
-2204    101
-2203    0
-2202    95
-2201    0
-2200    98
-2199    0
-2198    107
-2197    0
-2196    108
-2195    0
-2194    77
-2193    0
-2192    82
-2191    0
-2190    101
-2189    0
-2188    79
-2187    0
-2186    95
-2185    0
-2184    96
-2183    0
-2182    90
-2181    0
-2180    80
-2179    0
-2178    84
-2177    0
-2176    86
-2175    0
-2174    75
-2173    0
-2172    90
-2171    0
-2170    94
-2169    0
-2168    73
-2167    0
-2166    80
-2165    0
-2164    78
-2163    0
-2162    88
-2161    0
-2160    89
-2159    0
-2158    68
-2157    0
-2156    69
-2155    0
-2154    87
-2153    0
-2152    98
-2151    0
-2150    90
-2149    0
-2148    91
-2147    0
-2146    94
-2145    0
-2144    75
-2143    0
-2142    87
-2141    0
-2140    79
-2139    0
-2138    67
-2137    0
-2136    97
-2135    0
-2134    74
-2133    0
-2132    68
-2131    0
-2130    85
-2129    0
-2128    83
-2127    0
-2126    88
-2125    0
-2124    69
-2123    0
-2122    81
-2121    0
-2120    73
-2119    0
-2118    73
-2117    0
-2116    83
-2115    0
-2114    80
-2113    0
-2112    79
-2111    0
-2110    73
-2109    0
-2108    70
-2107    0
-2106    96
-2105    0
-2104    67
-2103    0
-2102    82
-2101    0
-2100    72
-2099    0
-2098    78
-2097    0
-2096    68
-2095    0
-2094    67
-2093    0
-2092    66
-2091    0
-2090    77
-2089    0
-2088    73
-2087    0
-2086    78
-2085    0
-2084    63
-2083    0
-2082    72
-2081    0
-2080    66
-2079    0
-2078    69
-2077    0
-2076    84
-2075    0
-2074    57
-2073    0
-2072    82
-2071    0
-2070    66
-2069    0
-2068    61
-2067    0
-2066    68
-2065    0
-2064    70
-2063    0
-2062    62
-2061    0
-2060    64
-2059    0
-2058    73
-2057    0
-2056    63
-2055    0
-2054    54
-2053    0
-2052    68
-2051    0
-2050    78
-2049    0
-2048    70
-2047    0
-2046    72
-2045    0
-2044    55
-2043    0
-2042    63
-2041    0
-2040    66
-2039    0
-2038    57
-2037    0
-2036    60
-2035    0
-2034    56
-2033    0
-2032    68
-2031    0
-2030    45
-2029    0
-2028    63
-2027    0
-2026    61
-2025    0
-2024    65
-2023    0
-2022    48
-2021    0
-2020    51
-2019    0
-2018    63
-2017    0
-2016    71
-2015    0
-2014    62
-2013    0
-2012    54
-2011    0
-2010    47
-2009    0
-2008    53
-2007    0
-2006    51
-2005    0
-2004    59
-2003    0
-2002    48
-2001    0
-2000    66
-1999    0
-1998    45
-1997    0
-1996    44
-1995    0
-1994    60
-1993    0
-1992    60
-1991    0
-1990    66
-1989    0
-1988    60
-1987    0
-1986    59
-1985    0
-1984    56
-1983    0
-1982    63
-1981    0
-1980    69
-1979    0
-1978    50
-1977    0
-1976    55
-1975    0
-1974    49
-1973    0
-1972    58
-1971    0
-1970    54
-1969    0
-1968    47
-1967    0
-1966    61
-1965    0
-1964    51
-1963    0
-1962    42
-1961    0
-1960    56
-1959    0
-1958    51
-1957    0
-1956    60
-1955    0
-1954    61
-1953    0
-1952    64
-1951    0
-1950    50
-1949    0
-1948    54
-1947    0
-1946    50
-1945    0
-1944    61
-1943    0
-1942    57
-1941    0
-1940    53
-1939    0
-1938    59
-1937    0
-1936    64
-1935    0
-1934    59
-1933    0
-1932    55
-1931    0
-1930    69
-1929    0
-1928    60
-1927    0
-1926    63
-1925    0
-1924    50
-1923    0
-1922    48
-1921    0
-1920    63
-1919    0
-1918    60
-1917    0
-1916    54
-1915    0
-1914    64
-1913    0
-1912    52
-1911    0
-1910    62
-1909    0
-1908    51
-1907    0
-1906    55
-1905    0
-1904    48
-1903    0
-1902    57
-1901    0
-1900    51
-1899    0
-1898    57
-1897    0
-1896    46
-1895    0
-1894    49
-1893    0
-1892    55
-1891    0
-1890    45
-1889    0
-1888    47
-1887    0
-1886    51
-1885    0
-1884    77
-1883    0
-1882    53
-1881    0
-1880    54
-1879    0
-1878    62
-1877    0
-1876    53
-1875    0
-1874    49
-1873    0
-1872    44
-1871    0
-1870    44
-1869    0
-1868    24
-1867    0
-1866    45
-1865    0
-1864    45
-1863    0
-1862    42
-1861    0
-1860    51
-1859    0
-1858    38
-1857    0
-1856    47
-1855    0
-1854    43
-1853    0
-1852    29
-1851    0
-1850    43
-1849    0
-1848    39
-1847    0
-1846    34
-1845    0
-1844    47
-1843    0
-1842    47
-1841    0
-1840    43
-1839    0
-1838    42
-1837    0
-1836    39
-1835    0
-1834    28
-1833    0
-1832    46
-1831    0
-1830    48
-1829    0
-1828    44
-1827    0
-1826    58
-1825    0
-1824    44
-1823    0
-1822    39
-1821    0
-1820    29
-1819    0
-1818    36
-1817    0
-1816    29
-1815    0
-1814    34
-1813    0
-1812    45
-1811    0
-1810    25
-1809    0
-1808    35
-1807    0
-1806    42
-1805    0
-1804    45
-1803    0
-1802    32
-1801    0
-1800    29
-1799    0
-1798    21
-1797    0
-1796    42
-1795    0
-1794    42
-1793    0
-1792    29
-1791    0
-1790    32
-1789    0
-1788    36
-1787    0
-1786    30
-1785    0
-1784    37
-1783    0
-1782    37
-1781    0
-1780    26
-1779    0
-1778    29
-1777    0
-1776    26
-1775    0
-1774    30
-1773    0
-1772    37
-1771    0
-1770    29
-1769    0
-1768    27
-1767    0
-1766    39
-1765    0
-1764    41
-1763    0
-1762    26
-1761    0
-1760    35
-1759    0
-1758    32
-1757    0
-1756    37
-1755    0
-1754    27
-1753    0
-1752    37
-1751    0
-1750    28
-1749    0
-1748    19
-1747    0
-1746    41
-1745    0
-1744    39
-1743    0
-1742    34
-1741    0
-1740    31
-1739    0
-1738    24
-1737    0
-1736    27
-1735    0
-1734    27
-1733    0
-1732    32
-1731    0
-1730    24
-1729    0
-1728    33
-1727    0
-1726    35
-1725    0
-1724    32
-1723    0
-1722    30
-1721    0
-1720    25
-1719    0
-1718    24
-1717    0
-1716    30
-1715    0
-1714    34
-1713    0
-1712    30
-1711    0
-1710    29
-1709    0
-1708    34
-1707    0
-1706    33
-1705    0
-1704    34
-1703    0
-1702    27
-1701    0
-1700    33
-1699    0
-1698    25
-1697    0
-1696    38
-1695    0
-1694    34
-1693    0
-1692    28
-1691    0
-1690    26
-1689    0
-1688    24
-1687    0
-1686    30
-1685    0
-1684    33
-1683    0
-1682    34
-1681    0
-1680    24
-1679    0
-1678    23
-1677    0
-1676    37
-1675    0
-1674    38
-1673    0
-1672    34
-1671    0
-1670    30
-1669    0
-1668    24
-1667    0
-1666    28
-1665    0
-1664    30
-1663    0
-1662    20
-1661    0
-1660    27
-1659    0
-1658    23
-1657    0
-1656    25
-1655    0
-1654    26
-1653    0
-1652    38
-1651    0
-1650    21
-1649    0
-1648    33
-1647    0
-1646    33
-1645    0
-1644    29
-1643    0
-1642    37
-1641    0
-1640    27
-1639    0
-1638    32
-1637    0
-1636    37
-1635    0
-1634    27
-1633    0
-1632    30
-1631    0
-1630    29
-1629    0
-1628    33
-1627    0
-1626    33
-1625    0
-1624    23
-1623    0
-1622    14
-1621    0
-1620    24
-1619    0
-1618    33
-1617    0
-1616    17
-1615    0
-1614    30
-1613    0
-1612    22
-1611    0
-1610    27
-1609    0
-1608    24
-1607    0
-1606    26
-1605    0
-1604    21
-1603    0
-1602    39
-1601    0
-1600    30
-1599    0
-1598    28
-1597    0
-1596    26
-1595    0
-1594    32
-1593    0
-1592    33
-1591    0
-1590    21
-1589    0
-1588    38
-1587    0
-1586    22
-1585    0
-1584    18
-1583    0
-1582    26
-1581    0
-1580    23
-1579    0
-1578    33
-1577    0
-1576    22
-1575    0
-1574    20
-1573    0
-1572    24
-1571    0
-1570    22
-1569    0
-1568    24
-1567    0
-1566    27
-1565    0
-1564    26
-1563    0
-1562    21
-1561    0
-1560    25
-1559    0
-1558    30
-1557    0
-1556    34
-1555    0
-1554    21
-1553    0
-1552    22
-1551    0
-1550    32
-1549    0
-1548    19
-1547    0
-1546    39
-1545    0
-1544    28
-1543    0
-1542    19
-1541    0
-1540    33
-1539    0
-1538    23
-1537    0
-1536    22
-1535    0
-1534    25
-1533    0
-1532    17
-1531    0
-1530    19
-1529    0
-1528    31
-1527    0
-1526    29
-1525    0
-1524    25
-1523    0
-1522    21
-1521    0
-1520    23
-1519    0
-1518    19
-1517    0
-1516    23
-1515    0
-1514    23
-1513    0
-1512    18
-1511    0
-1510    25
-1509    0
-1508    28
-1507    0
-1506    29
-1505    0
-1504    22
-1503    0
-1502    38
-1501    0
-1500    24
-1499    0
-1498    30
-1497    0
-1496    19
-1495    0
-1494    19
-1493    0
-1492    26
-1491    0
-1490    20
-1489    0
-1488    26
-1487    0
-1486    24
-1485    0
-1484    28
-1483    0
-1482    18
-1481    0
-1480    22
-1479    0
-1478    23
-1477    0
-1476    26
-1475    0
-1474    18
-1473    0
-1472    17
-1471    0
-1470    21
-1469    0
-1468    25
-1467    0
-1466    21
-1465    0
-1464    24
-1463    0
-1462    26
-1461    0
-1460    29
-1459    0
-1458    17
-1457    0
-1456    21
-1455    0
-1454    15
-1453    0
-1452    31
-1451    0
-1450    18
-1449    0
-1448    20
-1447    0
-1446    16
-1445    0
-1444    19
-1443    0
-1442    22
-1441    0
-1440    20
-1439    0
-1438    14
-1437    0
-1436    14
-1435    0
-1434    17
-1433    0
-1432    20
-1431    0
-1430    19
-1429    0
-1428    23
-1427    0
-1426    19
-1425    0
-1424    15
-1423    0
-1422    19
-1421    0
-1420    17
-1419    0
-1418    11
-1417    0
-1416    20
-1415    0
-1414    17
-1413    0
-1412    18
-1411    0
-1410    15
-1409    0
-1408    15
-1407    0
-1406    17
-1405    0
-1404    17
-1403    0
-1402    18
-1401    0
-1400    17
-1399    0
-1398    15
-1397    0
-1396    17
-1395    0
-1394    14
-1393    0
-1392    18
-1391    0
-1390    22
-1389    0
-1388    21
-1387    0
-1386    16
-1385    0
-1384    18
-1383    0
-1382    16
-1381    0
-1380    13
-1379    0
-1378    21
-1377    0
-1376    19
-1375    0
-1374    21
-1373    0
-1372    16
-1371    0
-1370    20
-1369    0
-1368    14
-1367    0
-1366    16
-1365    0
-1364    21
-1363    0
-1362    26
-1361    0
-1360    14
-1359    0
-1358    16
-1357    0
-1356    25
-1355    0
-1354    23
-1353    0
-1352    15
-1351    0
-1350    23
-1349    0
-1348    26
-1347    0
-1346    17
-1345    0
-1344    17
-1343    0
-1342    12
-1341    0
-1340    21
-1339    0
-1338    18
-1337    0
-1336    21
-1335    0
-1334    22
-1333    0
-1332    18
-1331    0
-1330    19
-1329    0
-1328    15
-1327    0
-1326    15
-1325    0
-1324    10
-1323    0
-1322    18
-1321    0
-1320    7
-1319    0
-1318    12
-1317    0
-1316    17
-1315    0
-1314    16
-1313    0
-1312    21
-1311    0
-1310    15
-1309    0
-1308    21
-1307    0
-1306    19
-1305    0
-1304    15
-1303    0
-1302    14
-1301    0
-1300    18
-1299    0
-1298    15
-1297    0
-1296    13
-1295    0
-1294    19
-1293    0
-1292    17
-1291    0
-1290    15
-1289    0
-1288    10
-1287    0
-1286    12
-1285    0
-1284    14
-1283    0
-1282    17
-1281    0
-1280    12
-1279    0
-1278    6
-1277    0
-1276    17
-1275    0
-1274    14
-1273    0
-1272    22
-1271    0
-1270    18
-1269    0
-1268    10
-1267    0
-1266    14
-1265    0
-1264    19
-1263    0
-1262    22
-1261    0
-1260    13
-1259    0
-1258    16
-1257    0
-1256    13
-1255    0
-1254    5
-1253    0
-1252    8
-1251    0
-1250    7
-1249    0
-1248    9
-1247    0
-1246    10
-1245    0
-1244    12
-1243    0
-1242    18
-1241    0
-1240    18
-1239    0
-1238    10
-1237    0
-1236    19
-1235    0
-1234    24
-1233    0
-1232    14
-1231    0
-1230    15
-1229    0
-1228    11
-1227    0
-1226    20
-1225    0
-1224    12
-1223    0
-1222    14
-1221    0
-1220    14
-1219    0
-1218    14
-1217    0
-1216    8
-1215    0
-1214    18
-1213    0
-1212    9
-1211    0
-1210    16
-1209    0
-1208    19
-1207    0
-1206    20
-1205    0
-1204    19
-1203    0
-1202    16
-1201    0
-1200    7
-1199    0
-1198    18
-1197    0
-1196    22
-1195    0
-1194    16
-1193    0
-1192    13
-1191    0
-1190    16
-1189    0
-1188    13
-1187    0
-1186    20
-1185    0
-1184    12
-1183    0
-1182    26
-1181    0
-1180    19
-1179    0
-1178    19
-1177    0
-1176    21
-1175    0
-1174    15
-1173    0
-1172    24
-1171    0
-1170    22
-1169    0
-1168    12
-1167    0
-1166    14
-1165    0
-1164    16
-1163    0
-1162    22
-1161    0
-1160    17
-1159    0
-1158    19
-1157    0
-1156    18
-1155    0
-1154    22
-1153    0
-1152    20
-1151    0
-1150    19
-1149    0
-1148    15
-1147    0
-1146    17
-1145    0
-1144    14
-1143    0
-1142    17
-1141    0
-1140    21
-1139    0
-1138    22
-1137    0
-1136    15
-1135    0
-1134    22
-1133    0
-1132    19
-1131    0
-1130    25
-1129    0
-1128    15
-1127    0
-1126    21
-1125    0
-1124    21
-1123    0
-1122    22
-1121    0
-1120    17
-1119    0
-1118    15
-1117    0
-1116    29
-1115    0
-1114    17
-1113    0
-1112    25
-1111    0
-1110    20
-1109    0
-1108    20
-1107    0
-1106    25
-1105    0
-1104    19
-1103    0
-1102    21
-1101    0
-1100    17
-1099    0
-1098    27
-1097    0
-1096    20
-1095    0
-1094    24
-1093    0
-1092    21
-1091    0
-1090    21
-1089    0
-1088    21
-1087    0
-1086    26
-1085    0
-1084    22
-1083    0
-1082    22
-1081    0
-1080    29
-1079    0
-1078    19
-1077    0
-1076    23
-1075    0
-1074    22
-1073    0
-1072    22
-1071    0
-1070    23
-1069    0
-1068    24
-1067    0
-1066    13
-1065    0
-1064    17
-1063    0
-1062    18
-1061    0
-1060    18
-1059    0
-1058    29
-1057    0
-1056    26
-1055    0
-1054    20
-1053    0
-1052    26
-1051    0
-1050    16
-1049    0
-1048    30
-1047    0
-1046    11
-1045    0
-1044    26
-1043    0
-1042    16
-1041    0
-1040    16
-1039    0
-1038    17
-1037    0
-1036    32
-1035    0
-1034    29
-1033    0
-1032    17
-1031    0
-1030    17
-1029    0
-1028    28
-1027    0
-1026    34
-1025    0
-1024    27
-1023    0
-1022    22
-1021    0
-1020    23
-1019    0
-1018    32
-1017    0
-1016    16
-1015    0
-1014    20
-1013    0
-1012    19
-1011    0
-1010    26
-1009    0
-1008    28
-1007    0
-1006    16
-1005    0
-1004    19
-1003    0
-1002    17
-1001    0
-1000    22
-999    0
-998    22
-997    0
-996    22
-995    0
-994    17
-993    0
-992    25
-991    0
-990    23
-989    0
-988    22
-987    0
-986    22
-985    0
-984    21
-983    0
-982    37
-981    0
-980    27
-979    0
-978    31
-977    0
-976    22
-975    0
-974    28
-973    0
-972    24
-971    0
-970    28
-969    0
-968    26
-967    0
-966    29
-965    0
-964    33
-963    0
-962    28
-961    0
-960    19
-959    0
-958    18
-957    0
-956    23
-955    0
-954    17
-953    0
-952    34
-951    0
-950    30
-949    0
-948    26
-947    0
-946    18
-945    0
-944    20
-943    0
-942    23
-941    0
-940    35
-939    0
-938    24
-937    0
-936    37
-935    0
-934    28
-933    0
-932    28
-931    0
-930    25
-929    0
-928    24
-927    0
-926    22
-925    0
-924    30
-923    0
-922    29
-921    0
-920    29
-919    0
-918    23
-917    0
-916    25
-915    0
-914    20
-913    0
-912    22
-911    0
-910    24
-909    0
-908    21
-907    0
-906    31
-905    0
-904    23
-903    0
-902    29
-901    0
-900    26
-899    0
-898    29
-897    0
-896    27
-895    0
-894    26
-893    0
-892    34
-891    0
-890    29
-889    0
-888    20
-887    0
-886    31
-885    0
-884    23
-883    0
-882    29
-881    0
-880    33
-879    0
-878    25
-877    0
-876    20
-875    0
-874    28
-873    0
-872    22
-871    0
-870    35
-869    0
-868    28
-867    0
-866    22
-865    0
-864    27
-863    0
-862    27
-861    0
-860    42
-859    0
-858    22
-857    0
-856    33
-855    0
-854    34
-853    0
-852    38
-851    0
-850    39
-849    0
-848    20
-847    0
-846    29
-845    0
-844    35
-843    0
-842    28
-841    0
-840    34
-839    0
-838    30
-837    0
-836    25
-835    0
-834    43
-833    0
-832    28
-831    0
-830    45
-829    0
-828    26
-827    0
-826    29
-825    0
-824    36
-823    0
-822    35
-821    0
-820    30
-819    0
-818    38
-817    0
-816    26
-815    0
-814    37
-813    0
-812    33
-811    0
-810    34
-809    0
-808    34
-807    0
-806    29
-805    0
-804    33
-803    0
-802    35
-801    0
-800    34
-799    0
-798    30
-797    0
-796    38
-795    0
-794    32
-793    0
-792    33
-791    0
-790    36
-789    0
-788    28
-787    0
-786    33
-785    0
-784    37
-783    0
-782    19
-781    0
-780    35
-779    0
-778    36
-777    0
-776    27
-775    0
-774    32
-773    0
-772    41
-771    0
-770    35
-769    0
-768    32
-767    0
-766    28
-765    0
-764    28
-763    0
-762    33
-761    0
-760    44
-759    0
-758    31
-757    0
-756    40
-755    0
-754    29
-753    0
-752    38
-751    0
-750    30
-749    0
-748    39
-747    0
-746    32
-745    0
-744    26
-743    0
-742    36
-741    0
-740    22
-739    0
-738    36
-737    0
-736    22
-735    0
-734    20
-733    0
-732    31
-731    0
-730    37
-729    0
-728    18
-727    0
-726    30
-725    0
-724    22
-723    0
-722    44
-721    0
-720    32
-719    0
-718    35
-717    0
-716    31
-715    0
-714    24
-713    0
-712    11
-711    0
-710    36
-709    0
-708    30
-707    0
-706    25
-705    0
-704    20
-703    0
-702    37
-701    0
-700    35
-699    0
-698    35
-697    0
-696    28
-695    0
-694    25
-693    0
-692    33
-691    0
-690    29
-689    0
-688    35
-687    0
-686    41
-685    0
-684    17
-683    0
-682    26
-681    0
-680    28
-679    0
-678    27
-677    0
-676    32
-675    0
-674    32
-673    0
-672    38
-671    0
-670    24
-669    0
-668    36
-667    0
-666    23
-665    0
-664    33
-663    0
-662    38
-661    0
-660    24
-659    0
-658    32
-657    0
-656    34
-655    0
-654    29
-653    0
-652    34
-651    0
-650    16
-649    0
-648    39
-647    0
-646    29
-645    0
-644    24
-643    0
-642    29
-641    0
-640    29
-639    0
-638    29
-637    0
-636    29
-635    0
-634    21
-633    0
-632    29
-631    0
-630    32
-629    0
-628    27
-627    0
-626    32
-625    0
-624    34
-623    0
-622    25
-621    0
-620    27
-619    0
-618    36
-617    0
-616    27
-615    0
-614    22
-613    0
-612    17
-611    0
-610    33
-609    0
-608    30
-607    0
-606    30
-605    0
-604    30
-603    0
-602    29
-601    0
-600    24
-599    0
-598    29
-597    0
-596    35
-595    0
-594    28
-593    0
-592    26
-591    0
-590    35
-589    0
-588    21
-587    0
-586    31
-585    0
-584    43
-583    0
-582    17
-581    0
-580    24
-579    0
-578    29
-577    0
-576    31
-575    0
-574    32
-573    0
-572    28
-571    0
-570    30
-569    0
-568    24
-567    0
-566    24
-565    0
-564    31
-563    0
-562    32
-561    0
-560    26
-559    0
-558    36
-557    0
-556    29
-555    0
-554    34
-553    0
-552    31
-551    0
-550    27
-549    0
-548    27
-547    0
-546    28
-545    0
-544    30
-543    0
-542    29
-541    0
-540    19
-539    0
-538    24
-537    0
-536    25
-535    0
-534    26
-533    0
-532    26
-531    0
-530    24
-529    0
-528    19
-527    0
-526    24
-525    0
-524    28
-523    0
-522    32
-521    0
-520    30
-519    0
-518    20
-517    0
-516    32
-515    0
-514    27
-513    0
-512    33
-511    0
-510    28
-509    0
-508    31
-507    0
-506    22
-505    0
-504    33
-503    0
-502    33
-501    0
-500    18
-499    0
-498    18
-497    0
-496    22
-495    0
-494    29
-493    0
-492    26
-491    0
-490    18
-489    0
-488    32
-487    0
-486    22
-485    0
-484    30
-483    0
-482    26
-481    0
-480    26
-479    0
-478    31
-477    0
-476    24
-475    0
-474    32
-473    0
-472    28
-471    0
-470    28
-469    0
-468    22
-467    0
-466    22
-465    0
-464    26
-463    0
-462    27
-461    0
-460    27
-459    0
-458    24
-457    0
-456    21
-455    0
-454    25
-453    0
-452    23
-451    0
-450    25
-449    0
-448    23
-447    0
-446    22
-445    0
-444    27
-443    0
-442    27
-441    0
-440    19
-439    0
-438    24
-437    0
-436    27
-435    0
-434    24
-433    0
-432    22
-431    0
-430    27
-429    0
-428    12
-427    0
-426    22
-425    0
-424    19
-423    0
-422    22
-421    0
-420    33
-419    0
-418    26
-417    0
-416    23
-415    0
-414    25
-413    0
-412    25
-411    0
-410    15
-409    0
-408    27
-407    0
-406    18
-405    0
-404    26
-403    0
-402    24
-401    0
-400    21
-399    0
-398    27
-397    0
-396    22
-395    0
-394    21
-393    0
-392    20
-391    0
-390    22
-389    0
-388    16
-387    0
-386    19
-385    0
-384    18
-383    0
-382    26
-381    0
-380    26
-379    0
-378    23
-377    0
-376    16
-375    0
-374    19
-373    0
-372    17
-371    0
-370    16
-369    0
-368    18
-367    0
-366    23
-365    0
-364    20
-363    0
-362    16
-361    0
-360    19
-359    0
-358    21
-357    0
-356    18
-355    0
-354    15
-353    0
-352    21
-351    0
-350    21
-349    0
-348    24
-347    0
-346    16
-345    0
-344    15
-343    0
-342    15
-341    0
-340    32
-339    0
-338    18
-337    0
-336    19
-335    0
-334    20
-333    0
-332    16
-331    0
-330    19
-329    0
-328    20
-327    0
-326    11
-325    0
-324    14
-323    0
-322    12
-321    0
-320    11
-319    0
-318    17
-317    0
-316    30
-315    0
-314    18
-313    0
-312    20
-311    0
-310    14
-309    0
-308    10
-307    0
-306    18
-305    0
-304    10
-303    0
-302    11
-301    0
-300    10
-299    0
-298    25
-297    0
-296    17
-295    0
-294    26
-293    0
-292    14
-291    0
-290    22
-289    0
-288    15
-287    0
-286    22
-285    0
-284    16
-283    0
-282    17
-281    0
-280    18
-279    0
-278    22
-277    0
-276    11
-275    0
-274    15
-273    0
-272    13
-271    0
-270    15
-269    0
-268    18
-267    0
-266    9
-265    0
-264    13
-263    0
-262    16
-261    0
-260    22
-259    0
-258    22
-257    0
-256    17
-255    0
-254    10
-253    0
-252    23
-251    0
-250    16
-249    0
-248    22
-247    0
-246    12
-245    0
-244    18
-243    0
-242    13
-241    0
-240    19
-239    0
-238    18
-237    0
-236    16
-235    0
-234    22
-233    0
-232    17
-231    0
-230    16
-229    0
-228    19
-227    0
-226    13
-225    0
-224    18
-223    0
-222    19
-221    0
-220    18
-219    0
-218    20
-217    0
-216    19
-215    0
-214    14
-213    0
-212    19
-211    0
-210    22
-209    0
-208    20
-207    0
-206    18
-205    0
-204    19
-203    0
-202    22
-201    0
-200    11
-199    0
-198    18
-197    0
-196    15
-195    0
-194    16
-193    0
-192    21
-191    0
-190    22
-189    0
-188    16
-187    0
-186    12
-185    0
-184    15
-183    0
-182    17
-181    0
-180    20
-179    0
-178    18
-177    0
-176    16
-175    0
-174    18
-173    0
-172    15
-171    0
-170    20
-169    0
-168    18
-167    0
-166    15
-165    0
-164    24
-163    0
-162    20
-161    0
-160    16
-159    0
-158    20
-157    0
-156    16
-155    0
-154    12
-153    0
-152    17
-151    0
-150    17
-149    0
-148    23
-147    0
-146    15
-145    0
-144    17
-143    0
-142    17
-141    0
-140    25
-139    0
-138    20
-137    0
-136    12
-135    0
-134    14
-133    0
-132    16
-131    0
-130    15
-129    0
-128    17
-127    0
-126    13
-125    0
-124    11
-123    0
-122    12
-121    0
-120    13
-119    0
-118    20
-117    0
-116    14
-115    0
-114    17
-113    0
-112    16
-111    0
-110    24
-109    0
-108    21
-107    0
-106    20
-105    0
-104    16
-103    0
-102    16
-101    0
-100    6
-99    0
-98    11
-97    0
-96    17
-95    0
-94    15
-93    0
-92    21
-91    0
-90    17
-89    0
-88    12
-87    0
-86    17
-85    0
-84    15
-83    0
-82    16
-81    0
-80    11
-79    0
-78    18
-77    0
-76    14
-75    0
-74    8
-73    0
-72    15
-71    0
-70    10
-69    0
-68    17
-67    0
-66    19
-65    0
-64    11
-63    0
-62    19
-61    0
-60    10
-59    0
-58    24
-57    0
-56    15
-55    0
-54    24
-53    0
-52    21
-51    0
-50    21
-49    0
-48    26
-47    0
-46    13
-45    0
-44    19
-43    0
-42    19
-41    0
-40    22
-39    0
-38    14
-37    0
-36    15
-35    0
-34    15
-33    0
-32    15
-31    0
-30    21
-29    0
-28    17
-27    0
-26    15
-25    0
-24    14
-23    0
-22    17
-21    0
-20    14
-19    0
-18    17
-17    0
-16    19
-15    0
-14    23
-13    0
-12    19
-11    0
-10    11
-9    0
-8    19
-7    0
-6    20
-5    0
-4    17
-3    0
-2    17
-1    0
0    11
1    0
2    18
3    0
4    12
5    0
6    12
7    0
8    20
9    0
10    9
11    0
12    15
13    0
14    7
15    0
16    14
17    0
18    20
19    0
20    21
21    0
22    17
23    0
24    18
25    0
26    14
27    0
28    17
29    0
30    17
31    0
32    17
33    0
34    16
35    0
36    16
37    0
38    14
39    0
40    10
41    0
42    11
43    0
44    17
45    0
46    16
47    0
48    11
49    0
50    12
51    0
52    20
53    0
54    18
55    0
56    7
57    0
58    9
59    0
60    9
61    0
62    22
63    0
64    13
65    0
66    15
67    0
68    13
69    0
70    12
71    0
72    14
73    0
74    12
75    0
76    9
77    0
78    13
79    0
80    9
81    0
82    15
83    0
84    11
85    0
86    12
87    0
88    12
89    0
90    16
91    0
92    19
93    0
94    16
95    0
96    10
97    0
98    21
99    0
100    14
101    0
102    15
103    0
104    18
105    0
106    13
107    0
108    13
109    0
110    17
111    0
112    7
113    0
114    8
115    0
116    16
117    0
118    24
119    0
120    21
121    0
122    15
123    0
124    17
125    0
126    18
127    0
128    12
129    0
130    13
131    0
132    15
133    0
134    17
135    0
136    13
137    0
138    17
139    0
140    9
141    0
142    16
143    0
144    19
145    0
146    14
147    0
148    10
149    0
150    17
151    0
152    12
153    0
154    22
155    0
156    17
157    0
158    13
159    0
160    19
161    0
162    17
163    0
164    15
165    0
166    13
167    0
168    15
169    0
170    12
171    0
172    13
173    0
174    15
175    0
176    23
177    0
178    9
179    0
180    14
181    0
182    9
183    0
184    9
185    0
186    23
187    0
188    24
189    0
190    16
191    0
192    16
193    0
194    15
195    0
196    11
197    0
198    12
199    0
200    14
201    0
202    19
203    0
204    17
205    0
206    20
207    0
208    19
209    0
210    13
211    0
212    15
213    0
214    12
215    0
216    16
217    0
218    6
219    0
220    18
221    0
222    12
223    0
224    9
225    0
226    17
227    0
228    14
229    0
230    16
231    0
232    21
233    0
234    19
235    0
236    14
237    0
238    17
239    0
240    16
241    0
242    15
243    0
244    12
245    0
246    19
247    0
248    16
249    0
250    16
251    0
252    17
253    0
254    15
255    0
256    17
257    0
258    25
259    0
260    21
261    0
262    18
263    0
264    18
265    0
266    20
267    0
268    18
269    0
270    13
271    0
272    15
273    0
274    16
275    0
276    9
277    0
278    14
279    0
280    19
281    0
282    24
283    0
284    12
285    0
286    10
287    0
288    15
289    0
290    17
291    0
292    19
293    0
294    20
295    0
296    8
297    0
298    20
299    0
300    20
301    0
302    13
303    0
304    17
305    0
306    20
307    0
308    14
309    0
310    25
311    0
312    14
313    0
314    13
315    0
316    19
317    0
318    23
319    0
320    15
321    0
322    15
323    0
324    17
325    0
326    19
327    0
328    20
329    0
330    15
331    0
332    21
333    0
334    13
335    0
336    26
337    0
338    21
339    0
340    12
341    0
342    20
343    0
344    18
345    0
346    13
347    0
348    17
349    0
350    24
351    0
352    15
353    0
354    21
355    0
356    24
357    0
358    16
359    0
360    15
361    0
362    15
363    0
364    15
365    0
366    10
367    0
368    18
369    0
370    11
371    0
372    15
373    0
374    17
375    0
376    12
377    0
378    25
379    0
380    18
381    0
382    16
383    0
384    11
385    0
386    18
387    0
388    23
389    0
390    17
391    0
392    15
393    0
394    15
395    0
396    25
397    0
398    18
399    0
400    13
401    0
402    10
403    0
404    17
405    0
406    17
407    0
408    16
409    0
410    11
411    0
412    18
413    0
414    16
415    0
416    8
417    0
418    15
419    0
420    14
421    0
422    22
423    0
424    15
425    0
426    15
427    0
428    9
429    0
430    16
431    0
432    20
433    0
434    19
435    0
436    9
437    0
438    17
439    0
440    16
441    0
442    11
443    0
444    27
445    0
446    10
447    0
448    19
449    0
450    12
451    0
452    13
453    0
454    7
455    0
456    18
457    0
458    14
459    0
460    17
461    0
462    10
463    0
464    14
465    0
466    14
467    0
468    13
469    0
470    12
471    0
472    17
473    0
474    14
475    0
476    14
477    0
478    10
479    0
480    12
481    0
482    16
483    0
484    15
485    0
486    13
487    0
488    15
489    0
490    6
491    0
492    10
493    0
494    7
495    0
496    16
497    0
498    15
499    0
500    8
501    0
502    14
503    0
504    14
505    0
506    10
507    0
508    14
509    0
510    13
511    0
512    16
513    0
514    18
515    0
516    12
517    0
518    15
519    0
520    17
521    0
522    17
523    0
524    15
525    0
526    13
527    0
528    19
529    0
530    14
531    0
532    17
533    0
534    10
535    0
536    16
537    0
538    11
539    0
540    13
541    0
542    15
543    0
544    14
545    0
546    15
547    0
548    25
549    0
550    16
551    0
552    18
553    0
554    12
555    0
556    17
557    0
558    8
559    0
560    14
561    0
562    16
563    0
564    23
565    0
566    15
567    0
568    17
569    0
570    21
571    0
572    19
573    0
574    15
575    0
576    5
577    0
578    15
579    0
580    12
581    0
582    10
583    0
584    16
585    0
586    11
587    0
588    14
589    0
590    12
591    0
592    8
593    0
594    20
595    0
596    10
597    0
598    13
599    0
600    14
601    0
602    14
603    0
604    18
605    0
606    11
607    0
608    11
609    0
610    13
611    0
612    18
613    0
614    17
615    0
616    19
617    0
618    7
619    0
620    14
621    0
622    8
623    0
624    19
625    0
626    18
627    0
628    8
629    0
630    15
631    0
632    14
633    0
634    15
635    0
636    19
637    0
638    19
639    0
640    12
641    0
642    8
643    0
644    9
645    0
646    9
647    0
648    8
649    0
650    12
651    0
652    17
653    0
654    10
655    0
656    11
657    0
658    15
659    0
660    13
661    0
662    16
663    0
664    7
665    0
666    13
667    0
668    13
669    0
670    12
671    0
672    9
673    0
674    5
675    0
676    6
677    0
678    21
679    0
680    13
681    0
682    16
683    0
684    16
685    0
686    15
687    0
688    11
689    0
690    15
691    0
692    14
693    0
694    17
695    0
696    13
697    0
698    11
699    0
700    16
701    0
702    20
703    0
704    16
705    0
706    12
707    0
708    19
709    0
710    13
711    0
712    9
713    0
714    18
715    0
716    13
717    0
718    15
719    0
720    11
721    0
722    14
723    0
724    13
725    0
726    15
727    0
728    15
729    0
730    14
731    0
732    18
733    0
734    13
735    0
736    14
737    0
738    15
739    0
740    15
741    0
742    18
743    0
744    13
745    0
746    13
747    0
748    19
749    0
750    13
751    0
752    23
753    0
754    16
755    0
756    30
757    0
758    17
759    0
760    20
761    0
762    20
763    0
764    19
765    0
766    14
767    0
768    14
769    0
770    18
771    0
772    19
773    0
774    17
775    0
776    18
777    0
778    11
779    0
780    21
781    0
782    20
783    0
784    22
785    0
786    24
787    0
788    23
789    0
790    16
791    0
792    26
793    0
794    16
795    0
796    26
797    0
798    24
799    0
800    24
801    0
802    19
803    0
804    23
805    0
806    22
807    0
808    23
809    0
810    24
811    0
812    25
813    0
814    30
815    0
816    23
817    0
818    19
819    0
820    24
821    0
822    18
823    0
824    21
825    0
826    22
827    0
828    23
829    0
830    25
831    0
832    15
833    0
834    21
835    0
836    22
837    0
838    22
839    0
840    24
841    0
842    24
843    0
844    21
845    0
846    28
847    0
848    25
849    0
850    27
851    0
852    17
853    0
854    27
855    0
856    21
857    0
858    24
859    0
860    23
861    0
862    22
863    0
864    14
865    0
866    23
867    0
868    19
869    0
870    25
871    0
872    17
873    0
874    24
875    0
876    22
877    0
878    26
879    0
880    24
881    0
882    19
883    0
884    19
885    0
886    28
887    0
888    23
889    0
890    29
891    0
892    30
893    0
894    23
895    0
896    25
897    0
898    24
899    0
900    34
901    0
902    30
903    0
904    23
905    0
906    33
907    0
908    35
909    0
910    39
911    0
912    21
913    0
914    27
915    0
916    26
917    0
918    31
919    0
920    25
921    0
922    24
923    0
924    25
925    0
926    26
927    0
928    28
929    0
930    32
931    0
932    33
933    0
934    29
935    0
936    38
937    0
938    24
939    0
940    33
941    0
942    27
943    0
944    32
945    0
946    28
947    0
948    31
949    0
950    27
951    0
952    32
953    0
954    26
955    0
956    26
957    0
958    40
959    0
960    29
961    0
962    39
963    0
964    33
965    0
966    23
967    0
968    33
969    0
970    35
971    0
972    37
973    0
974    26
975    0
976    33
977    0
978    34
979    0
980    42
981    0
982    28
983    0
984    31
985    0
986    33
987    0
988    31
989    0
990    43
991    0
992    36
993    0
994    31
995    0
996    39
997    0
998    36
999    0
1000    37
1001    0
1002    34
1003    0
1004    31
1005    0
1006    29
1007    0
1008    33
1009    0
1010    40
1011    0
1012    28
1013    0
1014    34
1015    0
1016    37
1017    0
1018    40
1019    0
1020    37
1021    0
1022    38
1023    0
1024    49
1025    0
1026    34
1027    0
1028    35
1029    0
1030    32
1031    0
1032    41
1033    0
1034    38
1035    0
1036    49
1037    0
1038    38
1039    0
1040    36
1041    0
1042    40
1043    0
1044    31
1045    0
1046    32
1047    0
1048    34
1049    0
1050    44
1051    0
1052    42
1053    0
1054    32
1055    0
1056    46
1057    0
1058    52
1059    0
1060    31
1061    0
1062    39
1063    0
1064    36
1065    0
1066    41
1067    0
1068    38
1069    0
1070    43
1071    0
1072    41
1073    0
1074    36
1075    0
1076    38
1077    0
1078    45
1079    0
1080    38
1081    0
1082    43
1083    0
1084    38
1085    0
1086    41
1087    0
1088    44
1089    0
1090    54
1091    0
1092    40
1093    0
1094    33
1095    0
1096    44
1097    0
1098    44
1099    0
1100    45
1101    0
1102    35
1103    0
1104    47
1105    0
1106    44
1107    0
1108    41
1109    0
1110    52
1111    0
1112    36
1113    0
1114    48
1115    0
1116    40
1117    0
1118    42
1119    0
1120    38
1121    0
1122    37
1123    0
1124    36
1125    0
1126    50
1127    0
1128    48
1129    0
1130    43
1131    0
1132    28
1133    0
1134    41
1135    0
1136    33
1137    0
1138    37
1139    0
1140    48
1141    0
1142    39
1143    0
1144    44
1145    0
1146    41
1147    0
1148    51
1149    0
1150    49
1151    0
1152    42
1153    0
1154    47
1155    0
1156    46
1157    0
1158    46
1159    0
1160    33
1161    0
1162    41
1163    0
1164    46
1165    0
1166    35
1167    0
1168    46
1169    0
1170    47
1171    0
1172    38
1173    0
1174    42
1175    0
1176    51
1177    0
1178    43
1179    0
1180    39
1181    0
1182    55
1183    0
1184    45
1185    0
1186    46
1187    0
1188    34
1189    0
1190    38
1191    0
1192    37
1193    0
1194    50
1195    0
1196    43
1197    0
1198    51
1199    0
1200    40
1201    0
1202    39
1203    0
1204    44
1205    0
1206    43
1207    0
1208    50
1209    0
1210    47
1211    0
1212    42
1213    0
1214    45
1215    0
1216    40
1217    0
1218    49
1219    0
1220    48
1221    0
1222    45
1223    0
1224    42
1225    0
1226    47
1227    0
1228    62
1229    0
1230    53
1231    0
1232    61
1233    0
1234    45
1235    0
1236    47
1237    0
1238    56
1239    0
1240    52
1241    0
1242    48
1243    0
1244    53
1245    0
1246    44
1247    0
1248    39
1249    0
1250    37
1251    0
1252    41
1253    0
1254    52
1255    0
1256    60
1257    0
1258    45
1259    0
1260    55
1261    0
1262    51
1263    0
1264    50
1265    0
1266    45
1267    0
1268    53
1269    0
1270    49
1271    0
1272    55
1273    0
1274    37
1275    0
1276    51
1277    0
1278    50
1279    0
1280    51
1281    0
1282    51
1283    0
1284    53
1285    0
1286    53
1287    0
1288    47
1289    0
1290    59
1291    0
1292    52
1293    0
1294    43
1295    0
1296    60
1297    0
1298    51
1299    0
1300    48
1301    0
1302    46
1303    0
1304    46
1305    0
1306    46
1307    0
1308    62
1309    0
1310    50
1311    0
1312    57
1313    0
1314    42
1315    0
1316    58
1317    0
1318    56
1319    0
1320    54
1321    0
1322    52
1323    0
1324    40
1325    0
1326    54
1327    0
1328    51
1329    0
1330    41
1331    0
1332    38
1333    0
1334    46
1335    0
1336    48
1337    0
1338    39
1339    0
1340    43
1341    0
1342    56
1343    0
1344    53
1345    0
1346    49
1347    0
1348    57
1349    0
1350    44
1351    0
1352    56
1353    0
1354    54
1355    0
1356    40
1357    0
1358    39
1359    0
1360    74
1361    0
1362    56
1363    0
1364    53
1365    0
1366    58
1367    0
1368    60
1369    0
1370    65
1371    0
1372    63
1373    0
1374    53
1375    0
1376    47
1377    0
1378    51
1379    0
1380    61
1381    0
1382    53
1383    0
1384    42
1385    0
1386    54
1387    0
1388    58
1389    0
1390    55
1391    0
1392    57
1393    0
1394    54
1395    0
1396    63
1397    0
1398    45
1399    0
1400    55
1401    0
1402    61
1403    0
1404    62
1405    0
1406    47
1407    0
1408    64
1409    0
1410    65
1411    0
1412    66
1413    0
1414    58
1415    0
1416    64
1417    0
1418    61
1419    0
1420    65
1421    0
1422    63
1423    0
1424    65
1425    0
1426    58
1427    0
1428    53
1429    0
1430    67
1431    0
1432    39
1433    0
1434    73
1435    0
1436    52
1437    0
1438    58
1439    0
1440    54
1441    0
1442    60
1443    0
1444    52
1445    0
1446    73
1447    0
1448    53
1449    0
1450    66
1451    0
1452    65
1453    0
1454    74
1455    0
1456    54
1457    0
1458    58
1459    0
1460    64
1461    0
1462    71
1463    0
1464    64
1465    0
1466    62
1467    0
1468    63
1469    0
1470    66
1471    0
1472    70
1473    0
1474    58
1475    0
1476    60
1477    0
1478    57
1479    0
1480    54
1481    0
1482    70
1483    0
1484    52
1485    0
1486    49
1487    0
1488    56
1489    0
1490    54
1491    0
1492    58
1493    0
1494    58
1495    0
1496    60
1497    0
1498    60
1499    0
1500    66
1501    0
1502    66
1503    0
1504    63
1505    0
1506    50
1507    0
1508    54
1509    0
1510    60
1511    0
1512    64
1513    0
1514    68
1515    0
1516    52
1517    0
1518    69
1519    0
1520    64
1521    0
1522    57
1523    0
1524    66
1525    0
1526    65
1527    0
1528    74
1529    0
1530    55
1531    0
1532    57
1533    0
1534    59
1535    0
1536    60
1537    0
1538    65
1539    0
1540    61
1541    0
1542    63
1543    0
1544    68
1545    0
1546    61
1547    0
1548    67
1549    0
1550    68
1551    0
1552    66
1553    0
1554    68
1555    0
1556    61
1557    0
1558    58
1559    0
1560    62
1561    0
1562    79
1563    0
1564    53
1565    0
1566    60
1567    0
1568    52
1569    0
1570    66
1571    0
1572    60
1573    0
1574    67
1575    0
1576    59
1577    0
1578    62
1579    0
1580    90
1581    0
1582    51
1583    0
1584    72
1585    0
1586    67
1587    0
1588    63
1589    0
1590    59
1591    0
1592    64
1593    0
1594    71
1595    0
1596    63
1597    0
1598    58
1599    0
1600    50
1601    0
1602    57
1603    0
1604    55
1605    0
1606    64
1607    0
1608    47
1609    0
1610    66
1611    0
1612    74
1613    0
1614    58
1615    0
1616    73
1617    0
1618    60
1619    0
1620    77
1621    0
1622    57
1623    0
1624    69
1625    0
1626    72
1627    0
1628    64
1629    0
1630    54
1631    0
1632    68
1633    0
1634    67
1635    0
1636    65
1637    0
1638    69
1639    0
1640    71
1641    0
1642    82
1643    0
1644    70
1645    0
1646    66
1647    0
1648    65
1649    0
1650    63
1651    0
1652    54
1653    0
1654    70
1655    0
1656    69
1657    0
1658    75
1659    0
1660    46
1661    0
1662    62
1663    0
1664    66
1665    0
1666    71
1667    0
1668    66
1669    0
1670    66
1671    0
1672    55
1673    0
1674    72
1675    0
1676    72
1677    0
1678    71
1679    0
1680    77
1681    0
1682    61
1683    0
1684    80
1685    0
1686    74
1687    0
1688    65
1689    0
1690    81
1691    0
1692    58
1693    0
1694    69
1695    0
1696    75
1697    0
1698    86
1699    0
1700    86
1701    0
1702    64
1703    0
1704    73
1705    0
1706    79
1707    0
1708    71
1709    0
1710    92
1711    0
1712    71
1713    0
1714    83
1715    0
1716    56
1717    0
1718    77
1719    0
1720    73
1721    0
1722    67
1723    0
1724    79
1725    0
1726    79
1727    0
1728    68
1729    0
1730    76
1731    0
1732    74
1733    0
1734    72
1735    0
1736    79
1737    0
1738    93
1739    0
1740    73
1741    0
1742    85
1743    0
1744    67
1745    0
1746    91
1747    0
1748    81
1749    0
1750    64
1751    0
1752    81
1753    0
1754    83
1755    0
1756    69
1757    0
1758    78
1759    0
1760    72
1761    0
1762    81
1763    0
1764    75
1765    0
1766    74
1767    0
1768    68
1769    0
1770    82
1771    0
1772    80
1773    0
1774    64
1775    0
1776    70
1777    0
1778    76
1779    0
1780    64
1781    0
1782    72
1783    0
1784    81
1785    0
1786    81
1787    0
1788    68
1789    0
1790    68
1791    0
1792    86
1793    0
1794    80
1795    0
1796    70
1797    0
1798    65
1799    0
1800    70
1801    0
1802    93
1803    0
1804    69
1805    0
1806    63
1807    0
1808    78
1809    0
1810    79
1811    0
1812    78
1813    0
1814    78
1815    0
1816    87
1817    0
1818    73
1819    0
1820    78
1821    0
1822    90
1823    0
1824    92
1825    0
1826    81
1827    0
1828    69
1829    0
1830    87
1831    0
1832    96
1833    0
1834    84
1835    0
1836    67
1837    0
1838    75
1839    0
1840    97
1841    0
1842    74
1843    0
1844    70
1845    0
1846    83
1847    0
1848    79
1849    0
1850    80
1851    0
1852    70
1853    0
1854    80
1855    0
1856    72
1857    0
1858    73
1859    0
1860    76
1861    0
1862    79
1863    0
1864    82
1865    0
1866    73
1867    0
1868    76
1869    0
1870    99
1871    0
1872    78
1873    0
1874    80
1875    0
1876    75
1877    0
1878    72
1879    0
1880    72
1881    0
1882    76
1883    0
1884    64
1885    0
1886    84
1887    0
1888    78
1889    0
1890    91
1891    0
1892    75
1893    0
1894    99
1895    0
1896    76
1897    0
1898    90
1899    0
1900    84
1901    0
1902    75
1903    0
1904    73
1905    0
1906    83
1907    0
1908    95
1909    0
1910    76
1911    0
1912    89
1913    0
1914    107
1915    0
1916    91
1917    0
1918    94
1919    0
1920    82
1921    0
1922    97
1923    0
1924    89
1925    0
1926    101
1927    0
1928    85
1929    0
1930    91
1931    0
1932    85
1933    0
1934    83
1935    0
1936    99
1937    0
1938    105
1939    0
1940    103
1941    0
1942    85
1943    0
1944    91
1945    0
1946    92
1947    0
1948    86
1949    0
1950    88
1951    0
1952    67
1953    0
1954    98
1955    0
1956    73
1957    0
1958    86
1959    0
1960    78
1961    0
1962    89
1963    0
1964    94
1965    0
1966    102
1967    0
1968    76
1969    0
1970    91
1971    0
1972    97
1973    0
1974    88
1975    0
1976    93
1977    0
1978    98
1979    0
1980    82
1981    0
1982    88
1983    0
1984    94
1985    0
1986    107
1987    0
1988    94
1989    0
1990    85
1991    0
1992    76
1993    0
1994    78
1995    0
1996    91
1997    0
1998    89
1999    0
2000    97
2001    0
2002    91
2003    0
2004    101
2005    0
2006    94
2007    0
2008    118
2009    0
2010    100
2011    0
2012    82
2013    0
2014    91
2015    0
2016    86
2017    0
2018    71
2019    0
2020    106
2021    0
2022    106
2023    0
2024    98
2025    0
2026    87
2027    0
2028    88
2029    0
2030    104
2031    0
2032    86
2033    0
2034    93
2035    0
2036    117
2037    0
2038    114
2039    0
2040    136
2041    0
2042    107
2043    0
2044    111
2045    0
2046    93
2047    0
2048    125
2049    0
2050    111
2051    0
2052    117
2053    0
2054    102
2055    0
2056    109
2057    0
2058    95
2059    0
2060    105
2061    0
2062    96
2063    0
2064    92
2065    0
2066    96
2067    0
2068    93
2069    0
2070    114
2071    0
2072    105
2073    0
2074    93
2075    0
2076    98
2077    0
2078    114
2079    0
2080    124
2081    0
2082    98
2083    0
2084    123
2085    0
2086    91
2087    0
2088    122
2089    0
2090    119
2091    0
2092    122
2093    0
2094    88
2095    0
2096    121
2097    0
2098    105
2099    0
2100    90
2101    0
2102    92
2103    0
2104    111
2105    0
2106    95
2107    0
2108    97
2109    0
2110    98
2111    0
2112    99
2113    0
2114    108
2115    0
2116    102
2117    0
2118    125
2119    0
2120    98
2121    0
2122    123
2123    0
2124    107
2125    0
2126    99
2127    0
2128    122
2129    0
2130    109
2131    0
2132    108
2133    0
2134    129
2135    0
2136    120
2137    0
2138    96
2139    0
2140    116
2141    0
2142    126
2143    0
2144    108
2145    0
2146    113
2147    0
2148    112
2149    0
2150    135
2151    0
2152    122
2153    0
2154    99
2155    0
2156    134
2157    0
2158    121
2159    0
2160    101
2161    0
2162    138
2163    0
2164    118
2165    0
2166    98
2167    0
2168    135
2169    0
2170    129
2171    0
2172    128
2173    0
2174    128
2175    0
2176    118
2177    0
2178    123
2179    0
2180    142
2181    0
2182    125
2183    0
2184    149
2185    0
2186    140
2187    0
2188    116
2189    0
2190    135
2191    0
2192    138
2193    0
2194    127
2195    0
2196    121
2197    0
2198    129
2199    0
2200    134
2201    0
2202    142
2203    0
2204    139
2205    0
2206    115
2207    0
2208    134
2209    0
2210    119
2211    0
2212    142
2213    0
2214    151
2215    0
2216    144
2217    0
2218    133
2219    0
2220    159
2221    0
2222    141
2223    0
2224    134
2225    0
2226    140
2227    0
2228    133
2229    0
2230    146
2231    0
2232    147
2233    0
2234    166
2235    0
2236    150
2237    0
2238    128
2239    0
2240    149
2241    0
2242    162
2243    0
2244    153
2245    0
2246    145
2247    0
2248    148
2249    0
2250    127
2251    0
2252    172
2253    0
2254    140
2255    0
2256    162
2257    0
2258    148
2259    0
2260    159
2261    0
2262    171
2263    0
2264    171
2265    0
2266    170
2267    0
2268    175
2269    0
2270    171
2271    0
2272    150
2273    0
2274    152
2275    0
2276    192
2277    0
2278    148
2279    0
2280    153
2281    0
2282    150
2283    0
2284    151
2285    0
2286    164
2287    0
2288    176
2289    0
2290    146
2291    0
2292    173
2293    0
2294    182
2295    0
2296    158
2297    0
2298    175
2299    0
2300    175
2301    0
2302    181
2303    0
2304    177
2305    0
2306    186
2307    0
2308    175
2309    0
2310    170
2311    0
2312    198
2313    0
2314    188
2315    0
2316    210
2317    0
2318    200
2319    0
2320    200
2321    0
2322    194
2323    0
2324    176
2325    0
2326    168
2327    0
2328    187
2329    0
2330    194
2331    0
2332    194
2333    0
2334    191
2335    0
2336    207
2337    0
2338    193
2339    0
2340    194
2341    0
2342    203
2343    0
2344    162
2345    0
2346    201
2347    0
2348    227
2349    0
2350    179
2351    0
2352    199
2353    0
2354    202
2355    0
2356    187
2357    0
2358    211
2359    0
2360    181
2361    0
2362    192
2363    0
2364    230
2365    0
2366    212
2367    0
2368    206
2369    0
2370    219
2371    0
2372    223
2373    0
2374    213
2375    0
2376    216
2377    0
2378    223
2379    0
2380    226
2381    0
2382    241
2383    0
2384    228
2385    0
2386    241
2387    0
2388    215
2389    0
2390    223
2391    0
2392    207
2393    0
2394    218
2395    0
2396    232
2397    0
2398    247
2399    0
2400    216
2401    0
2402    216
2403    0
2404    240
2405    0
2406    238
2407    0
2408    240
2409    0
2410    233
2411    0
2412    233
2413    0
2414    265
2415    0
2416    232
2417    0
2418    252
2419    0
2420    257
2421    0
2422    250
2423    0
2424    273
2425    0
2426    253
2427    0
2428    295
2429    0
2430    263
2431    0
2432    265
2433    0
2434    263
2435    0
2436    293
2437    0
2438    270
2439    0
2440    266
2441    0
2442    271
2443    0
2444    290
2445    0
2446    292
2447    0
2448    259
2449    0
2450    282
2451    0
2452    274
2453    0
2454    299
2455    0
2456    268
2457    0
2458    299
2459    0
2460    275
2461    0
2462    297
2463    0
2464    300
2465    0
2466    290
2467    0
2468    273
2469    0
2470    291
2471    0
2472    287
2473    0
2474    275
2475    0
2476    269
2477    0
2478    307
2479    0
2480    297
2481    0
2482    257
2483    0
2484    275
2485    0
2486    313
2487    0
2488    319
2489    0
2490    321
2491    0
2492    301
2493    0
2494    330
2495    0
2496    305
2497    0
2498    319
2499    0
2500    317
2501    0
2502    303
2503    0
2504    334
2505    0
2506    371
2507    0
2508    340
2509    0
2510    324
2511    0
2512    338
2513    0
2514    355
2515    0
2516    326
2517    0
2518    356
2519    0
2520    368
2521    0
2522    313
2523    0
2524    373
2525    0
2526    354
2527    0
2528    354
2529    0
2530    380
2531    0
2532    363
2533    0
2534    337
2535    0
2536    368
2537    0
2538    334
2539    0
2540    327
2541    0
2542    361
2543    0
2544    343
2545    0
2546    390
2547    0
2548    373
2549    0
2550    358
2551    0
2552    384
2553    0
2554    413
2555    0
2556    336
2557    0
2558    414
2559    0
2560    354
2561    0
2562    386
2563    0
2564    398
2565    0
2566    414
2567    0
2568    368
2569    0
2570    369
2571    0
2572    389
2573    0
2574    396
2575    0
2576    405
2577    0
2578    362
2579    0
2580    404
2581    0
2582    373
2583    0
2584    395
2585    0
2586    426
2587    0
2588    398
2589    0
2590    422
2591    0
2592    375
2593    0
2594    399
2595    0
2596    399
2597    0
2598    390
2599    0
2600    410
2601    0
2602    394
2603    0
2604    445
2605    0
2606    428
2607    0
2608    429
2609    0
2610    412
2611    0
2612    399
2613    0
2614    372
2615    0
2616    418
2617    0
2618    435
2619    0
2620    441
2621    0
2622    459
2623    0
2624    443
2625    0
2626    447
2627    0
2628    416
2629    0
2630    458
2631    0
2632    473
2633    0
2634    426
2635    0
2636    447
2637    0
2638    451
2639    0
2640    456
2641    0
2642    467
2643    0
2644    442
2645    0
2646    419
2647    0
2648    490
2649    0
2650    433
2651    0
2652    438
2653    0
2654    487
2655    0
2656    490
2657    0
2658    450
2659    0
2660    491
2661    0
2662    496
2663    0
2664    468
2665    0
2666    470
2667    0
2668    446
2669    0
2670    490
2671    0
2672    496
2673    0
2674    448
2675    0
2676    489
2677    0
2678    442
2679    0
2680    493
2681    0
2682    482
2683    0
2684    478
2685    0
2686    469
2687    0
2688    484
2689    0
2690    493
2691    0
2692    482
2693    0
2694    496
2695    0
2696    477
2697    0
2698    506
2699    0
2700    539
2701    0
2702    532
2703    0
2704    475
2705    0
2706    492
2707    0
2708    477
2709    0
2710    494
2711    0
2712    519
2713    0
2714    520
2715    0
2716    534
2717    0
2718    483
2719    0
2720    486
2721    0
2722    486
2723    0
2724    503
2725    0
2726    500
2727    0
2728    520
2729    0
2730    529
2731    0
2732    519
2733    0
2734    522
2735    0
2736    468
2737    0
2738    561
2739    0
2740    533
2741    0
2742    528
2743    0
2744    553
2745    0
2746    537
2747    0
2748    524
2749    0
2750    544
2751    0
2752    557
2753    0
2754    551
2755    0
2756    553
2757    0
2758    550
2759    0
2760    552
2761    0
2762    535
2763    0
2764    611
2765    0
2766    523
2767    0
2768    578
2769    0
2770    544
2771    0
2772    534
2773    0
2774    568
2775    0
2776    568
2777    0
2778    578
2779    0
2780    542
2781    0
2782    552
2783    0
2784    581
2785    0
2786    619
2787    0
2788    610
2789    0
2790    576
2791    0
2792    551
2793    0
2794    624
2795    0
2796    551
2797    0
2798    602
2799    0
2800    625
2801    0
2802    588
2803    0
2804    610
2805    0
2806    619
2807    0
2808    599
2809    0
2810    612
2811    0
2812    616
2813    0
2814    593
2815    0
2816    587
2817    0
2818    613
2819    0
2820    605
2821    0
2822    650
2823    0
2824    611
2825    0
2826    551
2827    0
2828    636
2829    0
2830    651
2831    0
2832    619
2833    0
2834    628
2835    0
2836    629
2837    0
2838    607
2839    0
2840    604
2841    0
2842    632
2843    0
2844    621
2845    0
2846    643
2847    0
2848    669
2849    0
2850    663
2851    0
2852    693
2853    0
2854    574
2855    0
2856    644
2857    0
2858    616
2859    0
2860    653
2861    0
2862    648
2863    0
2864    627
2865    0
2866    622
2867    0
2868    645
2869    0
2870    643
2871    0
2872    692
2873    0
2874    650
2875    0
2876    637
2877    0
2878    645
2879    0
2880    638
2881    0
2882    666
2883    0
2884    661
2885    0
2886    645
2887    0
2888    651
2889    0
2890    659
2891    0
2892    701
2893    0
2894    650
2895    0
2896    688
2897    0
2898    695
2899    0
2900    638
2901    0
2902    697
2903    0
2904    684
2905    0
2906    693
2907    0
2908    699
2909    0
2910    707
2911    0
2912    642
2913    0
2914    657
2915    0
2916    692
2917    0
2918    714
2919    0
2920    702
2921    0
2922    661
2923    0
2924    689
2925    0
2926    683
2927    0
2928    699
2929    0
2930    686
2931    0
2932    680
2933    0
2934    689
2935    0
2936    670
2937    0
2938    706
2939    0
2940    654
2941    0
2942    721
2943    0
2944    682
2945    0
2946    696
2947    0
2948    704
2949    0
2950    674
2951    0
2952    713
2953    0
2954    702
2955    0
2956    701
2957    0
2958    718
2959    0
2960    719
2961    0
2962    734
2963    0
2964    712
2965    0
2966    741
2967    0
2968    696
2969    0
2970    683
2971    0
2972    639
2973    0
2974    695
2975    0
2976    668
2977    0
2978    681
2979    0
2980    750
2981    0
2982    701
2983    0
2984    663
2985    0
2986    679
2987    0
2988    708
2989    0
2990    671
2991    0
2992    718
2993    0
2994    701
2995    0
2996    713
2997    0
2998    690
2999    0
3000    691
3001    0
3002    681
3003    0
3004    710
3005    0
3006    726
3007    0
3008    694
3009    0
3010    691
3011    0
3012    727
3013    0
3014    674
3015    0
3016    685
3017    0
3018    681
3019    0
3020    656
3021    0
3022    639
3023    0
3024    674
3025    0
3026    667
3027    0
3028    713
3029    0
3030    678
3031    0
3032    711
3033    0
3034    686
3035    0
3036    671
3037    0
3038    707
3039    0
3040    694
3041    0
3042    681
3043    0
3044    699
3045    0
3046    694
3047    0
3048    680
3049    0
3050    714
3051    0
3052    668
3053    0
3054    673
3055    0
3056    643
3057    0
3058    702
3059    0
3060    692
3061    0
3062    642
3063    0
3064    715
3065    0
3066    733
3067    0
3068    679
3069    0
3070    660
3071    0
3072    603
3073    0
3074    652
3075    0
3076    627
3077    0
3078    689
3079    0
3080    635
3081    0
3082    614
3083    0
3084    638
3085    0
3086    637
3087    0
3088    663
3089    0
3090    613
3091    0
3092    625
3093    0
3094    621
3095    0
3096    612
3097    0
3098    634
3099    0
3100    624
3101    0
3102    628
3103    0
3104    659
3105    0
3106    594
3107    0
3108    594
3109    0
3110    642
3111    0
3112    617
3113    0
3114    641
3115    0
3116    603
3117    0
3118    587
3119    0
3120    542
3121    0
3122    627
3123    0
3124    616
3125    0
3126    575
3127    0
3128    606
3129    0
3130    567
3131    0
3132    613
3133    0
3134    578
3135    0
3136    519
3137    0
3138    559
3139    0
3140    554
3141    0
3142    594
3143    0
3144    550
3145    0
3146    513
3147    0
3148    536
3149    0
3150    543
3151    0
3152    478
3153    0
3154    519
3155    0
3156    505
3157    0
3158    445
3159    0
3160    523
3161    0
3162    535
3163    0
3164    509
3165    0
3166    461
3167    0
3168    481
3169    0
3170    456
3171    0
3172    443
3173    0
3174    453
3175    0
3176    463
3177    0
3178    474
3179    0
3180    468
3181    0
3182    417
3183    0
3184    464
3185    0
3186    433
3187    0
3188    467
3189    0
3190    414
3191    0
3192    396
3193    0
3194    415
3195    0
3196    424
3197    0
3198    404
3199    0
3200    398
3201    0
3202    377
3203    0
3204    363
3205    0
3206    392
3207    0
3208    374
3209    0
3210    393
3211    0
3212    390
3213    0
3214    342
3215    0
3216    367
3217    0
3218    373
3219    0
3220    368
3221    0
3222    319
3223    0
3224    347
3225    0
3226    308
3227    0
3228    338
3229    0
3230    322
3231    0
3232    291
3233    0
3234    332
3235    0
3236    299
3237    0
3238    314
3239    0
3240    302
3241    0
3242    289
3243    0
3244    290
3245    0
3246    288
3247    0
3248    262
3249    0
3250    282
3251    0
3252    273
3253    0
3254    263
3255    0
3256    272
3257    0
3258    259
3259    0
3260    265
3261    0
3262    286
3263    0
3264    253
3265    0
3266    215
3267    0
3268    269
3269    0
3270    235
3271    0
3272    215
3273    0
3274    231
3275    0
3276    217
3277    0
3278    217
3279    0
3280    240
3281    0
3282    179
3283    0
3284    208
3285    0
3286    199
3287    0
3288    174
3289    0
3290    187
3291    0
3292    196
3293    0
3294    155
3295    0
3296    165
3297    0
3298    171
3299    0
3300    157
3301    0
3302    177
3303    0
3304    159
3305    0
3306    159
3307    0
3308    143
3309    0
3310    139
3311    0
3312    145
3313    0
3314    135
3315    0
3316    156
3317    0
3318    100
3319    0
3320    128
3321    0
3322    125
3323    0
3324    108
3325    0
3326    114
3327    0
3328    103
3329    0
3330    98
3331    0
3332    103
3333    0
3334    102
3335    0
3336    98
3337    0
3338    83
3339    0
3340    91
3341    0
3342    99
3343    0
3344    84
3345    0
3346    77
3347    0
3348    81
3349    0
3350    70
3351    0
3352    88
3353    0
3354    69
3355    0
3356    71
3357    0
3358    55
3359    0
3360    42
3361    0
3362    78
3363    0
3364    63
3365    0
3366    57
3367    0
3368    62
3369    0
3370    46
3371    0
3372    50
3373    0
3374    50
3375    0
3376    42
3377    0
3378    57
3379    0
3380    49
3381    0
3382    48
3383    0
3384    47
3385    0
3386    38
3387    0
3388    35
3389    0
3390    29
3391    0
3392    35
3393    0
3394    33
3395    0
3396    36
3397    0
3398    36
3399    0
3400    15
3401    0
3402    30
3403    0
3404    25
3405    0
3406    29
3407    0
3408    15
3409    0
3410    29
3411    0
3412    29
3413    0
3414    27
3415    0
3416    30
3417    0
3418    22
3419    0
3420    25
3421    0
3422    16
3423    0
3424    18
3425    0
3426    18
3427    0
3428    15
3429    0
3430    13
3431    0
3432    16
3433    0
3434    14
3435    0
3436    16
3437    0
3438    9
3439    0
3440    10
3441    0
3442    12
3443    0
3444    10
3445    0
3446    11
3447    0
3448    13
3449    0
3450    12
3451    0
3452    6
3453    0
3454    8
3455    0
3456    13
3457    0
3458    9
3459    0
3460    6
3461    0
3462    4
3463    0
3464    8
3465    0
3466    3
3467    0
3468    2
3469    0
3470    10
3471    0
3472    5
3473    0
3474    2
3475    0
3476    1
3477    0
3478    3
3479    0
3480    3
3481    0
3482    1
3483    0
3484    2
3485    0
3486    2
3487    0
3488    3
3489    0
3490    1
3491    0
3492    5
3493    0
3494    3
3495    0
3496    2
3497    0
3498    1
3499    0
3500    2
3501    0
3502    3
3503    0
3504    2
3505    0
3506    0
3507    0
3508    2
3509    0
3510    2
3511    0
3512    0
3513    0
3514    2
3515    0
3516    1
3517    0
3518    0
3519    0
3520    0
3521    0
3522    1
3523    0
3524    2
3525    0
3526    1
3527    0
3528    0
3529    0
3530    0
3531    0
3532    0
3533    0
3534    0
3535    0
3536    0
3537    0
3538    0
3539    0
3540    0
3541    0
3542    1
3543    0
3544    0
3545    0
3546    0
3547    0
3548    0
3549    0
3550    0
3551    0
3552    0
3553    0
3554    1
3555    0
3556    2
3557    0
3558    0
3559    0
3560    0
3561    0
3562    0
3563    0
3564    0
3565    0
3566    0
3567    0
3568    0
3569    0
3570    0
3571    0
3572    0
3573    0
3574    0
3575    0
3576    0
3577    0
3578    0
3579    0
3580    0
3581    0
3582    0
3583    0
3584    0
3585    0
3586    0
3587    0
3588    0
3589    0
3590    0
3591    0
3592    0
3593    0
3594    0
3595    0
3596    0
3597    0
3598    0
3599    0
3600    0
3601    0
3602    0
3603    0
3604    0
3605    0
3606    0
3607    0
3608    0
3609    0
3610    0
3611    0
3612    0
3613    0
3614    0
3615    0
3616    0
3617    0
3618    0
3619    0
3620    0
3621    0
3622    0
3623    0
3624    0
3625    0
3626    0
3627    0
3628    0
3629    0
3630    0
3631    0
3632    0
3633    0
3634    0
3635    0
3636    0
3637    0
3638    0
3639    0
3640    0
3641    0
3642    0
3643    0
3644    0
3645    0
3646    0
3647    0
3648    0
3649    0
3650    0
3651    0
3652    0
3653    0
3654    0
3655    0
3656    0
3657    0
3658    0
3659    0
3660    0
3661    0
3662    0
3663    0
3664    0
3665    0
3666    0
3667    0
3668    0
3669    0
3670    0
3671    0
3672    0
3673    0
3674    0
3675    0
3676    0
3677    0
3678    0
3679    0
3680    0
3681    0
3682    0
3683    0
3684    0
3685    0
3686    0
3687    0
3688    0
3689    0
3690    0
3691    0
3692    0
3693    0
3694    0
3695    0
3696    0
3697    0
3698    0
3699    0
3700    0
3701    0
3702    0
3703    0
3704    0
3705    0
3706    0
3707    0
3708    0
3709    0
3710    0
3711    0
3712    0
3713    0
3714    0
3715    0
3716    0
3717    0
3718    0
3719    0
3720    0
3721    0
3722    0
3723    0
3724    0
3725    0
3726    0
3727    0
3728    0
3729    0
3730    0
3731    0
3732    0
3733    0
3734    0
3735    0
3736    0
3737    0
3738    0
3739    0
3740    0
3741    0
3742    0
3743    0
3744    0
3745    0
3746    0
3747    0
3748    0
3749    0
3750    0
3751    0
3752    0
3753    0
3754    0
3755    0
3756    0
3757    0
3758    0
3759    0
3760    0
3761    0
3762    0
3763    0
3764    0
3765    0
3766    0
3767    0
3768    0
3769    0
3770    0
3771    0
3772    0
3773    0
3774    0
3775    0
3776    0
3777    0
3778    0
3779    0
3780    0
3781    0
3782    0
3783    0
3784    0
3785    0
3786    0
3787    0
3788    0
3789    0
3790    0
3791    0
3792    0
3793    0
3794    0
3795    0
3796    0
3797    0
3798    0
3799    0
3800    0
3801    0
3802    0
3803    0
3804    0
3805    0
3806    0
3807    0
3808    0
3809    0
3810    0
3811    0
3812    0
3813    0
3814    0
3815    0
3816    0
3817    0
3818    0
3819    0
3820    0
3821    0
3822    0
3823    0
3824    0
3825    0
3826    0
3827    0
3828    0
3829    0
3830    0
3831    0
3832    0
3833    0
3834    0
3835    0
3836    0
3837    0
3838    0
3839    0
3840    0
3841    0
3842    0
3843    0
3844    0
3845    0
3846    0
3847    0
3848    0
3849    0
3850    0
3851    0
3852    0
3853    0
3854    0
3855    0
3856    0
3857    0
3858    0
3859    0
3860    0
3861    0
3862    0
3863    0
3864    0
3865    0
3866    0
3867    0
3868    0
3869    0
3870    0
3871    0
3872    0
3873    0
3874    0
3875    0
3876    0
3877    0
3878    0
3879    0
3880    0
3881    0
3882    0
3883    0
3884    0
3885    0
3886    0
3887    0
3888    0
3889    0
3890    0
3891    0
3892    0
3893    0
3894    0
3895    0
3896    0
3897    0
3898    0
3899    0
3900    0
3901    0
3902    0
3903    0
3904    0
3905    0
3906    0
3907    0
3908    0
3909    0
3910    0
3911    0
3912    0
3913    0
3914    0
3915    0
3916    0
3917    0
3918    0
3919    0
3920    0
3921    0
3922    0
3923    0
3924    0
3925    0
3926    0
3927    0
3928    0
3929    0
3930    0
3931    0
3932    0
3933    0
3934    0
3935    0
3936    0
3937    0
3938    0
3939    0
3940    0
3941    0
3942    0
3943    0
3944    0
3945    0
3946    0
3947    0
3948    0
3949    0
3950    0
3951    0
3952    0
3953    0
3954    0
3955    0
3956    0
3957    0
3958    0
3959    0
3960    0
3961    0
3962    0
3963    0
3964    0
3965    0
3966    0
3967    0
3968    0
3969    0
3970    0
3971    0
3972    0
3973    0
3974    0
3975    0
3976    0
3977    0
3978    0
3979    0
3980    0
3981    0
3982    0
3983    0
3984    0
3985    0
3986    0
3987    0
3988    0
3989    0
3990    0
3991    0
3992    0
3993    0
3994    0
3995    0
3996    0
3997    0
3998    0
3999    0
4000    0
4001    0
4002    0
4003    0
4004    0
4005    0
4006    0
4007    0
4008    0
4009    0
4010    0
4011    0
4012    0
4013    0
4014    0
4015    0
4016    0
4017    0
4018    0
4019    0
4020    0
4021    0
4022    0
4023    0
4024    0
4025    0
4026    0
4027    0
4028    0
4029    0
4030    0
4031    0
4032    0
4033    0
4034    0
4035    0
4036    0
4037    0
4038    0
4039    0
4040    0
4041    0
4042    0
4043    0
4044    0
4045    0
4046    0
4047    0
4048    0
4049    0
4050    0
4051    0
4052    0
4053    0
4054    0
4055    0
4056    0
4057    0
4058    0
4059    0
4060    0
4061    0
4062    0
4063    0
4064    0
4065    0
4066    0
4067    0
4068    0
4069    0
4070    0
4071    0
4072    0
4073    0
4074    0
4075    0
4076    0
4077    0
4078    0
4079    0
4080    0
4081    0
4082    0
4083    0
4084    0
4085    0
4086    0
4087    0
4088    0
4089    0
4090    0
4091    0
4092    0
4093    0
4094    0
4095    0
4096    0
