3.500000    11000
3.480000    8000
3.460000    7000
3.440000    7000
3.420000    7000
3.400000    5000
3.380000    8000
3.360000    8000
3.340000    6000
3.320000    10000
3.300000    16000
3.280000    5000
3.260000    23000
3.240000    13000
3.220000    16000
3.200000    7000
3.180000    18000
3.160000    9000
3.140000    13000
3.120000    11000
3.100000    10000
3.080000    17000
3.060000    9000
3.040000    15000
3.020000    10000
3.000000    16000
2.980000    6000
2.960000    15000
2.940000    21000
2.920000    11000
2.900000    13000
2.880000    16000
2.860000    11000
2.840000    27000
2.820000    11000
2.800000    27000
2.780000    34000
2.760000    13000
2.740000    21000
2.720000    39000
2.700000    24000
2.680000    41000
2.660000    16000
2.640000    21000
2.620000    29000
2.600000    45000
2.580000    25000
2.560000    23000
2.540000    21000
2.520000    77000
2.500000    16000
2.480000    126000
2.460000    67000
2.440000    20000
2.420000    64000
2.400000    133000
2.380000    183000
2.360000    139000
2.340000    99000
2.320000    151000
2.300000    98000
2.280000    79000
2.260000    71000
2.240000    23000
2.220000    163000
2.200000    108000
2.180000    110000
2.160000    114000
2.140000    26000
2.120000    87000
2.100000    34000
2.080000    39000
2.060000    17000
2.040000    115000
2.020000    159000
2.000000    33000
1.980000    17000
1.960000    23000
1.940000    26000
1.920000    17000
1.900000    13000
1.880000    36000
1.860000    10000
1.840000    21000
1.820000    12000
1.800000    28000
1.780000    12000
1.760000    8000
1.740000    5000
1.720000    8000
1.700000    10000
1.680000    50000
1.660000    19000
1.640000    9000
1.620000    13000
1.600000    13000
1.580000    6000
1.560000    17000
1.540000    133000
