0    1.000000
5000    0.457569
10000    0.358575
15000    0.331881
20000    0.257003
25000    0.199535
30000    0.118437
35000    0.090518
40000    0.050726
45000    -0.024951
50000    0.023843
55000    0.029900
60000    0.022160
65000    -0.013912
70000    -0.009143
75000    -0.003457
80000    -0.054116
85000    -0.089980
90000    -0.080241
95000    -0.040446
100000    -0.066778
105000    -0.061094
110000    -0.030032
115000    -0.049053
120000    -0.087838
125000    -0.064262
130000    -0.057956
135000    -0.036549
140000    -0.088964
145000    -0.099041
150000    -0.076739
155000    -0.006158
160000    0.012652
165000    0.029792
170000    0.066430
175000    0.052907
180000    0.011866
185000    0.027344
190000    0.054307
195000    0.067218
200000    -0.008325
205000    -0.054184
210000    -0.026951
215000    -0.102043
220000    -0.132348
225000    -0.091227
230000    -0.138199
235000    -0.201384
240000    -0.238037
245000    -0.252576
250000    -0.312722
255000    -0.352352
260000    -0.361600
265000    -0.276073
270000    -0.252996
275000    -0.286243
280000    -0.248748
285000    -0.182579
290000    -0.104624
295000    -0.054571
300000    -0.023965
305000    0.029534
310000    0.019894
315000    0.008315
320000    0.044690
325000    0.044865
330000    0.032745
335000    -0.000076
340000    -0.023666
345000    0.054226
350000    0.029519
355000    0.088072
360000    0.190459
365000    0.178313
370000    0.218388
375000    0.185026
380000    0.184784
385000    0.268700
390000    0.186271
395000    0.192832
400000    0.161960
405000    0.075854
410000    -0.040917
415000    -0.063313
420000    -0.048989
425000    -0.095814
430000    -0.151208
435000    -0.102693
440000    -0.113349
445000    -0.105782
450000    -0.127619
455000    -0.060896
460000    -0.008807
465000    -0.002709
470000    0.001666
475000    0.011604
480000    0.106577
485000    0.115092
490000    0.163032
495000    0.267213
