0    1.000000
5000    0.950097
10000    0.895964
15000    0.849089
20000    0.808473
25000    0.771204
30000    0.727673
35000    0.679848
40000    0.627922
45000    0.585130
50000    0.551833
55000    0.529561
60000    0.508611
65000    0.495620
70000    0.486484
75000    0.471192
80000    0.454212
85000    0.436970
90000    0.414912
95000    0.394939
100000    0.372567
105000    0.344990
110000    0.315664
115000    0.290440
120000    0.270014
125000    0.258407
130000    0.241957
135000    0.231411
140000    0.222756
145000    0.218326
150000    0.218959
155000    0.208975
160000    0.191009
165000    0.159848
170000    0.131873
175000    0.104233
180000    0.085854
185000    0.067590
190000    0.044274
195000    0.016817
200000    -0.015280
205000    -0.030351
210000    -0.032680
215000    -0.027097
220000    -0.011962
225000    0.005648
230000    0.021251
235000    0.033408
240000    0.043545
245000    0.054374
250000    0.067696
255000    0.075062
260000    0.072086
265000    0.055218
270000    0.035564
275000    0.019058
280000    -0.000872
285000    -0.019650
290000    -0.041963
295000    -0.069705
300000    -0.094717
305000    -0.115247
310000    -0.129813
315000    -0.145875
320000    -0.153223
325000    -0.162521
330000    -0.175117
335000    -0.191673
340000    -0.207133
345000    -0.214629
350000    -0.230985
355000    -0.236503
360000    -0.245753
365000    -0.266170
370000    -0.280646
375000    -0.279136
380000    -0.271960
385000    -0.263810
390000    -0.259523
395000    -0.256838
400000    -0.258265
405000    -0.261493
410000    -0.259902
415000    -0.262565
420000    -0.265631
425000    -0.278203
430000    -0.295966
435000    -0.323699
440000    -0.361689
445000    -0.398846
450000    -0.440241
455000    -0.475608
460000    -0.506153
465000    -0.533358
470000    -0.556391
475000    -0.585207
480000    -0.600321
485000    -0.610215
490000    -0.612598
495000    -0.617498
