0    1.000000
5000    0.795743
10000    0.700845
15000    0.620520
20000    0.551432
25000    0.488098
30000    0.450212
35000    0.421308
40000    0.392048
45000    0.360968
50000    0.334221
55000    0.304005
60000    0.266669
65000    0.239187
70000    0.202269
75000    0.185484
80000    0.173732
85000    0.148533
90000    0.133030
95000    0.117936
100000    0.101047
105000    0.071789
110000    0.066364
115000    0.062703
120000    0.050497
125000    0.048250
130000    0.055837
135000    0.048490
140000    0.043732
145000    0.038775
150000    0.032417
155000    0.023046
160000    0.012758
165000    0.004155
170000    -0.008087
175000    -0.024772
180000    -0.038340
185000    -0.045130
190000    -0.056016
195000    -0.056688
200000    -0.055517
205000    -0.063429
210000    -0.063782
215000    -0.062019
220000    -0.060051
225000    -0.057714
230000    -0.055686
235000    -0.052658
240000    -0.048224
245000    -0.045691
250000    -0.044779
255000    -0.042066
260000    -0.038195
265000    -0.028857
270000    -0.033023
275000    -0.030537
280000    -0.020062
285000    -0.018096
290000    -0.023111
295000    -0.036678
300000    -0.031077
305000    -0.019647
310000    -0.027084
315000    -0.021005
320000    -0.019937
325000    -0.023204
330000    -0.027620
335000    -0.043020
340000    -0.056837
345000    -0.066938
350000    -0.085933
355000    -0.087421
360000    -0.087609
365000    -0.089977
370000    -0.091274
375000    -0.092149
380000    -0.092628
385000    -0.090932
390000    -0.093047
395000    -0.102067
400000    -0.105613
405000    -0.103823
410000    -0.105584
415000    -0.104268
420000    -0.114283
425000    -0.114159
430000    -0.113967
435000    -0.115978
440000    -0.118164
445000    -0.116219
450000    -0.112761
455000    -0.110893
460000    -0.110307
465000    -0.107580
470000    -0.103932
475000    -0.098854
480000    -0.096155
485000    -0.084041
490000    -0.090727
495000    -0.112612
