0    1.000000
5000    0.293742
10000    0.119917
15000    0.013389
20000    -0.011869
25000    -0.048701
30000    -0.087309
35000    -0.036204
40000    0.031472
45000    0.058324
50000    -0.004364
55000    -0.008228
60000    0.071580
65000    0.077460
70000    0.035031
75000    -0.016640
80000    -0.043500
85000    -0.108382
90000    -0.079348
95000    -0.089360
100000    -0.031282
105000    -0.023454
110000    0.053586
115000    -0.009695
120000    -0.010037
125000    -0.005433
130000    -0.117535
135000    -0.101140
140000    -0.110046
145000    -0.074774
150000    -0.040699
155000    0.007734
160000    0.087533
165000    -0.026540
170000    -0.028861
175000    -0.087527
180000    -0.051161
185000    -0.000422
190000    0.014569
195000    0.016880
200000    -0.019119
205000    -0.041802
210000    -0.083095
215000    -0.045053
220000    -0.049593
225000    0.065784
230000    0.082568
235000    0.094940
240000    0.077801
245000    0.086383
250000    0.076586
255000    0.035895
260000    0.055052
265000    0.019410
270000    0.115738
275000    0.025420
280000    0.010430
285000    -0.052659
290000    0.015651
295000    0.007334
300000    -0.002957
305000    0.086203
310000    -0.025951
315000    0.022217
320000    -0.033948
325000    -0.105003
330000    -0.082749
335000    0.071466
340000    0.128385
345000    0.121002
350000    0.051202
355000    0.012845
360000    0.005377
365000    -0.020510
370000    -0.158535
375000    -0.112864
380000    -0.048956
385000    -0.111777
390000    -0.232609
395000    -0.164169
400000    -0.136915
405000    -0.021119
410000    -0.003012
415000    0.068747
420000    -0.014952
425000    -0.092329
430000    -0.107515
435000    -0.109913
440000    -0.067574
445000    -0.109421
450000    -0.087223
455000    0.032892
460000    0.077343
465000    0.102296
470000    0.006798
475000    0.045527
480000    0.038675
485000    0.093785
490000    0.044991
495000    0.076917
