0    1.000000
5000    -0.023433
10000    0.001497
15000    0.000083
20000    -0.002812
25000    0.031454
30000    0.045627
35000    -0.060160
40000    0.020101
45000    -0.056253
50000    -0.021684
55000    -0.032314
60000    0.008837
65000    -0.062895
70000    -0.027683
75000    0.002296
80000    -0.027076
85000    -0.002450
90000    -0.009571
95000    -0.017047
100000    0.001115
105000    -0.026260
110000    -0.011526
115000    0.021333
120000    -0.000529
125000    0.009253
130000    -0.019284
135000    -0.041331
140000    0.012782
145000    0.016814
150000    0.040108
155000    -0.013339
160000    -0.076911
165000    0.000782
170000    0.038420
175000    0.023326
180000    0.032501
185000    -0.086351
190000    -0.016431
195000    -0.004276
200000    0.015204
205000    0.000410
210000    -0.001688
215000    -0.038455
220000    0.043973
225000    -0.004718
230000    -0.045714
235000    0.028086
240000    0.018888
245000    -0.018731
250000    0.028865
255000    -0.012890
260000    0.009947
265000    0.003951
270000    -0.011590
275000    -0.029591
280000    -0.043159
285000    -0.018502
290000    0.019111
295000    -0.003773
300000    0.029198
305000    -0.041342
310000    -0.045175
315000    0.039323
320000    0.018095
325000    -0.029666
330000    0.007241
335000    -0.040361
340000    0.004998
345000    0.022815
350000    -0.046192
355000    0.003804
360000    -0.005217
365000    0.022825
370000    0.003980
375000    0.020793
380000    -0.053419
385000    0.028106
390000    0.095257
395000    0.086427
400000    -0.036570
405000    -0.045964
410000    -0.059996
415000    0.060525
420000    0.029395
425000    -0.023676
430000    0.001208
435000    0.017414
440000    0.015053
445000    0.014052
450000    -0.024262
455000    -0.011729
460000    0.004700
465000    -0.023357
470000    0.045163
475000    -0.015355
480000    0.040826
485000    -0.089862
490000    0.075508
495000    -0.000334
