0    1.000000
5000    0.931816
10000    0.882797
15000    0.853356
20000    0.834197
25000    0.832098
30000    0.813535
35000    0.776485
40000    0.754980
45000    0.744520
50000    0.746480
55000    0.748287
60000    0.728079
65000    0.721676
70000    0.716525
75000    0.720790
80000    0.717254
85000    0.691137
90000    0.668140
95000    0.647367
100000    0.620195
105000    0.592140
110000    0.554302
115000    0.520790
120000    0.489570
125000    0.468807
130000    0.449061
135000    0.436295
140000    0.423403
145000    0.415935
150000    0.406647
155000    0.399807
160000    0.385240
165000    0.366081
170000    0.347273
175000    0.329554
180000    0.307119
185000    0.281819
190000    0.260279
195000    0.245415
200000    0.231231
205000    0.217991
210000    0.205302
215000    0.192183
220000    0.176559
225000    0.161453
230000    0.147761
235000    0.131819
240000    0.113728
245000    0.091032
250000    0.063810
255000    0.038116
260000    0.010885
265000    -0.018844
270000    -0.048587
275000    -0.079933
280000    -0.106747
285000    -0.129608
290000    -0.144250
295000    -0.156361
300000    -0.171030
305000    -0.191045
310000    -0.207484
315000    -0.230163
320000    -0.258011
325000    -0.283616
330000    -0.306540
335000    -0.329567
340000    -0.357078
345000    -0.383087
350000    -0.413853
355000    -0.441779
360000    -0.469468
365000    -0.497834
370000    -0.520729
375000    -0.535522
380000    -0.545460
385000    -0.556126
390000    -0.567342
395000    -0.581110
400000    -0.594354
405000    -0.606507
410000    -0.619416
415000    -0.635492
420000    -0.650504
425000    -0.666080
430000    -0.679393
435000    -0.693988
440000    -0.706947
445000    -0.720180
450000    -0.728281
455000    -0.737338
460000    -0.744302
465000    -0.752879
470000    -0.761523
475000    -0.772919
480000    -0.788377
485000    -0.803273
490000    -0.817438
495000    -0.829761
