3.000000    15078.711914
2.990000    14644.158203
2.980000    15016.403320
2.970000    15181.625977
2.960000    14714.451172
2.950000    14836.892578
2.940000    15352.881836
2.930000    15175.094727
2.920000    15232.659180
2.910000    15802.692383
2.900000    15766.842773
2.890000    16230.849609
2.880000    15587.836914
2.870000    15605.235352
2.860000    16151.836914
2.850000    15982.331055
2.840000    15591.523438
2.830000    16399.103516
2.820000    15796.671875
2.810000    15810.558594
2.800000    16717.740234
2.790000    16981.001953
2.780000    17074.279297
2.770000    16556.933594
2.760000    16703.169922
2.750000    17147.939453
2.740000    17121.466797
2.730000    16814.164063
2.720000    16894.798828
2.710000    18103.914063
2.700000    17913.099609
2.690000    17998.423828
2.680000    18158.234375
2.670000    18334.943359
2.660000    18721.892578
2.650000    18933.207031
2.640000    18926.056641
2.630000    19458.031250
2.620000    20019.615234
2.610000    19065.062500
2.600000    19194.822266
2.590000    20075.437500
2.580000    19829.332031
2.570000    20262.466797
2.560000    19791.173828
2.550000    19907.738281
2.540000    20091.263672
2.530000    20992.156250
2.520000    20908.066406
2.510000    21215.046875
2.500000    22157.800781
2.490000    22784.591797
2.480000    23421.460938
2.470000    23148.361328
2.460000    23448.882813
2.450000    23973.564453
2.440000    24509.314453
2.430000    25055.968750
2.420000    25861.792969
2.410000    27345.107422
2.400000    25100.767578
2.390000    27478.687500
2.380000    28247.884766
2.370000    30517.593750
2.360000    31996.419922
2.350000    32160.591797
2.340000    33965.656250
2.330000    35676.152344
2.320000    35452.281250
2.310000    41325.691406
2.300000    46293.847656
2.290000    49578.746094
2.280000    47844.667969
2.270000    47850.359375
2.260000    42261.101563
2.250000    40837.078125
2.240000    32145.117188
2.230000    32813.230469
2.220000    33956.871094
2.210000    30127.613281
2.200000    27843.376953
2.190000    24458.078125
2.180000    25805.458984
2.170000    23601.615234
2.160000    22626.351563
2.150000    21978.773438
2.140000    20855.015625
2.130000    20074.541016
2.120000    19474.009766
2.110000    18123.445313
2.100000    17027.000000
2.090000    16717.613281
2.080000    16193.591797
2.070000    16012.228516
2.060000    14561.305664
2.050000    14381.470703
2.040000    13977.007813
2.030000    13381.456055
2.020000    12732.032227
2.010000    11858.775391
