3.000000    47083.050781
2.990000    48469.160156
2.980000    48568.894531
2.970000    51303.343750
2.960000    50792.656250
2.950000    52461.738281
2.940000    52057.140625
2.930000    55022.824219
2.920000    55231.160156
2.910000    55759.359375
2.900000    55788.812500
2.890000    59754.085938
2.880000    60314.484375
2.870000    59712.359375
2.860000    63754.828125
2.850000    66439.218750
2.840000    68617.171875
2.830000    70065.929688
2.820000    69583.929688
2.810000    70113.507813
2.800000    72309.851563
2.790000    75210.492188
2.780000    74510.296875
2.770000    79856.953125
2.760000    82300.976563
2.750000    84409.578125
2.740000    89830.781250
2.730000    88059.500000
2.720000    90994.421875
2.710000    99138.062500
2.700000    105506.671875
2.690000    104473.132813
2.680000    102390.109375
2.670000    108730.703125
2.660000    110138.468750
2.650000    121053.593750
2.640000    120329.640625
2.630000    121509.890625
2.620000    127468.125000
2.610000    144050.343750
2.600000    142355.656250
2.590000    156971.375000
2.580000    145242.234375
2.570000    161870.109375
2.560000    171612.171875
2.550000    178902.484375
2.540000    182716.265625
2.530000    221435.875000
2.520000    206771.234375
2.510000    228181.171875
2.500000    279537.906250
2.490000    265029.031250
2.480000    319096.937500
2.470000    308525.625000
2.460000    334404.281250
2.450000    365243.281250
2.440000    343097.656250
2.430000    444833.906250
2.420000    512314.250000
2.410000    571701.375000
2.400000    530839.375000
2.390000    799025.750000
2.380000    754118.500000
2.370000    937976.125000
2.360000    1115722.375000
2.350000    1376971.500000
2.340000    1830010.625000
2.330000    1775672.125000
2.320000    1771349.750000
2.310000    2877094.750000
2.300000    3730942.250000
2.290000    2071158.375000
2.280000    4982191.000000
2.270000    3966080.500000
2.260000    7043077.500000
2.250000    7416077.500000
2.240000    60546.527344
2.230000    81933.148438
2.220000    9570999.000000
2.210000    45782.984375
2.200000    42890.191406
2.190000    22813.673828
2.180000    28138.876953
2.170000    20398.591797
2.160000    17860.277344
2.150000    17716.246094
2.140000    12706.053711
2.130000    14754.865234
2.120000    11127.852539
2.110000    8768.555664
2.100000    7653.421387
2.090000    7210.061035
2.080000    6767.987305
2.070000    7026.017578
2.060000    4800.421387
2.050000    4866.657227
2.040000    4609.994629
2.030000    4064.514404
2.020000    3746.949951
2.010000    3359.505127
