4.000000    -3065.326723
3.960000    -3095.701103
3.920000    -3120.207903
3.880000    -3169.206006
3.840000    -3200.916538
3.800000    -3232.704297
3.760000    -3275.415688
3.720000    -3310.617067
3.680000    -3347.276684
3.640000    -3398.652819
3.600000    -3428.183950
3.560000    -3477.389513
3.520000    -3516.543194
3.480000    -3569.538308
3.440000    -3616.576292
3.400000    -3650.128860
3.360000    -3716.661558
3.320000    -3755.621671
3.280000    -3805.675038
3.240000    -3858.183225
3.200000    -3918.549978
3.160000    -3965.124157
3.120000    -4019.578118
3.080000    -4081.272889
3.040000    -4138.678198
3.000000    -4201.249522
2.960000    -4270.308018
2.920000    -4343.072959
2.880000    -4420.776514
2.840000    -4480.827444
2.800000    -4561.114658
2.760000    -4638.485839
2.720000    -4716.124501
2.680000    -4802.306611
2.640000    -4877.187718
2.600000    -4973.561988
2.560000    -5061.765316
2.520000    -5159.942080
2.480000    -5274.288577
2.440000    -5367.977930
2.400000    -5490.450514
2.360000    -5592.754886
2.320000    -5719.992251
2.280000    -5848.687187
2.240000    -5977.419153
2.200000    -6116.170168
2.160000    -6250.366959
2.120000    -6410.357401
2.080000    -6590.500593
2.040000    -6746.852508
2.000000    -6921.131277
1.960000    -7125.408681
1.920000    -7314.202964
1.880000    -7558.671919
1.840000    -7786.022694
1.800000    -8040.565465
1.760000    -8321.406544
1.720000    -8642.014812
1.680000    -8953.713971
1.640000    -9319.983722
1.600000    -9722.366805
1.560000    -10184.789543
1.520000    -10673.183376
1.480000    -11240.792813
1.440000    -12281.334622
1.400000    -13482.334917
1.360000    -14526.330262
1.320000    -15391.516681
1.280000    -16237.145665
1.240000    -16786.497006
1.200000    -17304.953173
1.160000    -17722.582529
1.120000    -18071.188939
1.080000    -18366.904963
1.040000    -18644.665050
1.000000    -18865.953795
0.960000    -19042.489520
0.920000    -19204.510168
0.880000    -19332.820424
0.840000    -19436.796403
0.800000    -19517.972111
0.760000    -19579.618139
0.720000    -19628.086935
0.680000    -19670.382371
0.640000    -19696.634436
0.600000    -19716.437732
0.560000    -19726.014383
0.520000    -19733.089494
0.480000    -19738.510423
0.440000    -19740.968519
0.400000    -19740.912550
0.360000    -19740.826454
0.320000    -19741.000016
0.280000    -19741.050584
0.240000    -19741.113958
0.200000    -19740.905677
0.160000    -19740.965724
0.120000    -19741.283721
0.080000    -19740.777758
0.040000    -19741.007561
