4.000000    -82.404383
3.960000    -83.040248
3.920000    -82.164302
3.880000    -84.039630
3.840000    -85.123271
3.800000    -85.988389
3.760000    -85.953974
3.720000    -87.535738
3.680000    -88.958653
3.640000    -90.030931
3.600000    -91.537977
3.560000    -91.600281
3.520000    -92.641368
3.480000    -93.630113
3.440000    -95.562817
3.400000    -95.744079
3.360000    -97.075767
3.320000    -99.320121
3.280000    -99.625974
3.240000    -99.979957
3.200000    -100.904256
3.160000    -103.459551
3.120000    -105.248891
3.080000    -105.986443
3.040000    -108.264590
3.000000    -108.631585
2.960000    -111.267367
2.920000    -112.170147
2.880000    -112.943054
2.840000    -114.839359
2.800000    -117.917840
2.760000    -119.200639
2.720000    -120.290216
2.680000    -122.231558
2.640000    -125.320736
2.600000    -125.453200
2.560000    -128.195343
2.520000    -130.103979
2.480000    -133.082077
2.440000    -134.102381
2.400000    -136.254641
2.360000    -138.186637
2.320000    -141.102110
2.280000    -143.777898
2.240000    -146.671682
2.200000    -148.220965
2.160000    -152.096116
2.120000    -154.362335
2.080000    -157.777310
2.040000    -160.689738
2.000000    -164.951602
1.960000    -167.418295
1.920000    -171.264982
1.880000    -175.265488
1.840000    -178.723803
1.800000    -182.289426
1.760000    -186.108740
1.720000    -190.942962
1.680000    -196.158905
1.640000    -201.232064
1.600000    -206.451233
1.560000    -211.834590
1.520000    -216.173164
1.480000    -222.698224
1.440000    -228.817280
1.400000    -236.184601
1.360000    -242.780500
1.320000    -250.623154
1.280000    -259.359288
1.240000    -267.293584
1.200000    -276.786995
1.160000    -285.875538
1.120000    -296.313168
1.080000    -308.252746
1.040000    -321.340192
1.000000    -332.961473
0.960000    -347.578335
0.920000    -363.095138
0.880000    -381.279129
0.840000    -400.966713
0.800000    -422.684743
0.760000    -444.533177
0.720000    -471.325488
0.680000    -501.903612
0.640000    -534.535679
0.600000    -573.983863
0.560000    -619.000078
0.520000    -674.802850
0.480000    -739.832197
0.440000    -820.888468
0.400000    -924.422940
0.360000    -1054.665812
0.320000    -1254.917344
0.280000    -1589.431742
0.240000    -2332.833615
0.200000    -2975.438738
0.160000    -3249.466297
0.120000    -3341.165780
0.080000    -3358.022846
0.040000    -3358.515611
