4.000000    -9127.003336
3.960000    -9263.965988
3.920000    -9338.369860
3.880000    -9489.605133
3.840000    -9578.581817
3.800000    -9724.172046
3.760000    -9846.947834
3.720000    -9973.855960
3.680000    -10131.033796
3.640000    -10290.331730
3.600000    -10414.588269
3.560000    -10556.762635
3.520000    -10722.642330
3.480000    -10900.806632
3.440000    -11068.942736
3.400000    -11245.158318
3.360000    -11414.681633
3.320000    -11589.716988
3.280000    -11804.943356
3.240000    -12000.759140
3.200000    -12234.685507
3.160000    -12402.867047
3.120000    -12635.747279
3.080000    -12919.829885
3.040000    -13141.168903
3.000000    -13371.429169
2.960000    -13666.449122
2.920000    -13926.528755
2.880000    -14291.670069
2.840000    -14569.219761
2.800000    -14911.754195
2.760000    -15281.790194
2.720000    -15599.031302
2.680000    -15966.890420
2.640000    -16419.097589
2.600000    -16816.854667
2.560000    -17340.141526
2.520000    -17891.094589
2.480000    -18551.430719
2.440000    -19317.208098
2.400000    -20098.676160
2.360000    -21219.393322
2.320000    -22027.167005
2.280000    -23290.863898
2.240000    -24385.033797
2.200000    -25326.512440
2.160000    -26346.828039
2.120000    -27016.425923
2.080000    -27718.912272
2.040000    -28269.575610
2.000000    -28772.012231
1.960000    -29188.333182
1.920000    -29600.538173
1.880000    -29916.250005
1.840000    -30251.673834
1.800000    -30576.714090
1.760000    -30844.821810
1.720000    -31086.021721
1.680000    -31301.183458
1.640000    -31515.816249
1.600000    -31684.641379
1.560000    -31845.808482
1.520000    -31991.759775
1.480000    -32121.912485
1.440000    -32239.868030
1.400000    -32333.450044
1.360000    -32425.293892
1.320000    -32496.841541
1.280000    -32566.477006
1.240000    -32618.545994
1.200000    -32670.314314
1.160000    -32709.732219
1.120000    -32742.253136
1.080000    -32771.717915
1.040000    -32791.685785
1.000000    -32808.467695
0.960000    -32822.951022
0.920000    -32831.483772
0.880000    -32839.415797
0.840000    -32842.479804
0.800000    -32848.544461
0.760000    -32852.121721
0.720000    -32851.778476
0.680000    -32851.791498
0.640000    -32852.241997
0.600000    -32852.106133
0.560000    -32851.688546
0.520000    -32852.047024
0.480000    -32852.161370
0.440000    -32851.878913
0.400000    -32852.424535
0.360000    -32851.893851
0.320000    -32852.091366
0.280000    -32852.209946
0.240000    -32852.213848
0.200000    -32851.931869
0.160000    -32852.276234
0.120000    -32852.084084
0.080000    -32851.976373
0.040000    -32852.490698
