4.000000    25.963017
3.960000    39.662244
3.920000    -0.004682
3.880000    36.943554
3.840000    50.937722
3.800000    34.508130
3.760000    40.482888
3.720000    63.899175
3.680000    68.569001
3.640000    44.584620
3.600000    45.838033
3.560000    58.412104
3.520000    26.126434
3.480000    55.155762
3.440000    60.012151
3.400000    47.968844
3.360000    46.370917
3.320000    67.154985
3.280000    55.618454
3.240000    74.032904
3.200000    63.978905
3.160000    63.171559
3.120000    71.400713
3.080000    71.228794
3.040000    44.929998
3.000000    78.386434
2.960000    113.734640
2.920000    92.782293
2.880000    101.766316
2.840000    70.034330
2.800000    39.100005
2.760000    112.286592
2.720000    75.652782
2.680000    100.864192
2.640000    111.059161
2.600000    130.310113
2.560000    140.236548
2.520000    167.064700
2.480000    133.364281
2.440000    138.945478
2.400000    191.204437
2.360000    139.180882
2.320000    205.708498
2.280000    257.424390
2.240000    221.453115
2.200000    161.741112
2.160000    220.020784
2.120000    223.317686
2.080000    310.851711
2.040000    283.648744
2.000000    253.504273
1.960000    350.891626
1.920000    284.497247
1.880000    455.146636
1.840000    455.843141
1.800000    338.269190
1.760000    777.718168
1.720000    926.857374
1.680000    745.020699
1.640000    970.366339
1.600000    1386.981565
1.560000    1888.682310
1.520000    1527.095379
1.480000    2232.884765
1.440000    6716.249615
1.400000    9792.586706
1.360000    11876.086047
1.320000    13188.811889
1.280000    14158.508518
1.240000    14592.883325
1.200000    15003.736956
1.160000    15282.175867
1.120000    15507.800930
1.080000    15686.368515
1.040000    15843.039903
1.000000    15963.266326
0.960000    16053.473276
0.920000    16135.064180
0.880000    16197.981829
0.840000    16246.457147
0.800000    16284.400415
0.760000    16312.313021
0.720000    16333.978288
0.680000    16352.688495
0.640000    16364.083329
0.600000    16372.629402
0.560000    16376.685369
0.520000    16379.635141
0.480000    16381.933643
0.440000    16383.029210
0.400000    16383.008554
0.360000    16382.971370
0.320000    16383.051438
0.280000    16383.069427
0.240000    16383.101181
0.200000    16382.998422
0.160000    16383.028085
0.120000    16383.175969
0.080000    16382.947561
0.040000    16383.054858
