4.000000    77.562069
3.960000    46.803901
3.920000    115.333019
3.880000    48.315595
3.840000    113.929600
3.800000    87.587368
3.760000    96.431999
3.720000    82.123185
3.680000    164.169996
3.640000    173.493307
3.600000    161.217574
3.560000    146.130729
3.520000    110.665887
3.480000    164.153396
3.440000    151.472644
3.400000    190.244256
3.360000    201.848741
3.320000    70.094886
3.280000    222.862897
3.240000    212.968311
3.200000    187.649151
3.160000    121.900943
3.120000    219.576377
3.080000    210.918192
3.040000    269.902304
3.000000    487.016174
2.960000    471.974055
2.920000    386.785763
2.880000    362.529227
2.840000    302.506270
2.800000    674.946791
2.760000    505.639064
2.720000    989.667957
2.680000    368.507011
2.640000    757.901373
2.600000    814.842830
2.560000    1317.252397
2.520000    1775.453151
2.480000    2201.530578
2.440000    3102.236306
2.400000    4941.368450
2.360000    7667.814620
2.320000    8128.269998
2.280000    10174.236650
2.240000    11156.659318
2.200000    12365.106278
2.160000    13674.575451
2.120000    14070.452720
2.080000    14500.847535
2.040000    14763.919150
2.000000    14990.142958
1.960000    15157.543187
1.920000    15330.815819
1.880000    15446.801574
1.840000    15573.289583
1.800000    15691.500584
1.760000    15782.577321
1.720000    15863.740518
1.680000    15930.276412
1.640000    16000.157998
1.600000    16053.381176
1.560000    16101.110280
1.520000    16144.688013
1.480000    16183.577112
1.440000    16217.095304
1.400000    16243.506472
1.360000    16269.028122
1.320000    16288.876958
1.280000    16308.048871
1.240000    16322.217823
1.200000    16335.895024
1.160000    16346.377556
1.120000    16354.753154
1.080000    16362.503431
1.040000    16367.484168
1.000000    16371.883996
0.960000    16375.613679
0.920000    16377.820468
0.880000    16379.807168
0.840000    16380.583582
0.800000    16382.129997
0.760000    16383.028170
0.720000    16382.941010
0.680000    16382.946427
0.640000    16383.059129
0.600000    16383.023550
0.560000    16382.922137
0.520000    16383.010463
0.480000    16383.040343
0.440000    16382.969728
0.400000    16383.106134
0.360000    16382.973463
0.320000    16383.022841
0.280000    16383.052486
0.240000    16383.053462
0.200000    16382.982967
0.160000    16383.069058
0.120000    16383.021021
0.080000    16382.994093
0.040000    16383.122674
