4.000000    28.291046
3.960000    25.234199
3.920000    17.977043
3.880000    19.703476
3.840000    20.688507
3.800000    26.827238
3.760000    20.126074
3.720000    24.832300
3.680000    16.652659
3.640000    26.685802
3.600000    24.405555
3.560000    27.747701
3.520000    29.294325
3.480000    22.550241
3.440000    26.686946
3.400000    28.627689
3.360000    19.441248
3.320000    28.122223
3.280000    30.955551
3.240000    25.452027
3.200000    25.379918
3.160000    27.440464
3.120000    36.754108
3.080000    30.047372
3.040000    24.626442
3.000000    23.594894
2.960000    25.506155
2.920000    34.808823
2.880000    31.650281
2.840000    30.571106
2.800000    43.549794
2.760000    38.418605
2.720000    28.315701
2.680000    31.854981
2.640000    27.473159
2.600000    29.588964
2.560000    34.523295
2.520000    37.390103
2.480000    32.384975
2.440000    35.223274
2.400000    40.794232
2.360000    39.996076
2.320000    40.562636
2.280000    34.736552
2.240000    30.447816
2.200000    31.114329
2.160000    45.742382
2.120000    44.396074
2.080000    60.633779
2.040000    52.788803
2.000000    50.152778
1.960000    46.120646
1.920000    53.030517
1.880000    46.551509
1.840000    76.651258
1.800000    52.943555
1.760000    61.515184
1.720000    58.721629
1.680000    67.843067
1.640000    46.128446
1.600000    78.801332
1.560000    68.067279
1.520000    72.783369
1.480000    72.559864
1.440000    85.155337
1.400000    74.179704
1.360000    89.013859
1.320000    77.109853
1.280000    90.081281
1.240000    105.779083
1.200000    95.416795
1.160000    99.465530
1.120000    108.118813
1.080000    106.280201
1.040000    112.174503
1.000000    134.854282
0.960000    153.599530
0.920000    159.363774
0.880000    156.023247
0.840000    171.979417
0.800000    194.905349
0.760000    203.397031
0.720000    237.602157
0.680000    276.299543
0.640000    283.903971
0.600000    330.563187
0.560000    372.143642
0.520000    435.231402
0.480000    517.716463
0.440000    664.244783
0.400000    935.998215
0.360000    1197.075393
0.320000    2143.025267
0.280000    4624.517571
0.240000    11464.455830
0.200000    15129.839866
0.160000    16083.390927
0.120000    16339.623472
0.080000    16382.041695
0.040000    16383.031221
