3.500000    2000
3.480000    2000
3.460000    2000
3.440000    5000
3.420000    2000
3.400000    2000
3.380000    2000
3.360000    4000
3.340000    2000
3.320000    4000
3.300000    1000
3.280000    5000
3.260000    8000
3.240000    2000
3.220000    2000
3.200000    2000
3.180000    5000
3.160000    2000
3.140000    2000
3.120000    5000
3.100000    2000
3.080000    6000
3.060000    2000
3.040000    2000
3.020000    2000
3.000000    2000
2.980000    1000
2.960000    8000
2.940000    3000
2.920000    2000
2.900000    2000
2.880000    6000
2.860000    4000
2.840000    2000
2.820000    2000
2.800000    1000
2.780000    4000
2.760000    4000
2.740000    2000
2.720000    2000
2.700000    9000
2.680000    3000
2.660000    3000
2.640000    3000
2.620000    3000
2.600000    2000
2.580000    2000
2.560000    1000
2.540000    2000
2.520000    3000
2.500000    7000
2.480000    3000
2.460000    6000
2.440000    7000
2.420000    2000
2.400000    3000
2.380000    3000
2.360000    2000
2.340000    3000
2.320000    5000
2.300000    2000
2.280000    3000
2.260000    3000
2.240000    12000
2.220000    2000
2.200000    1000
2.180000    3000
2.160000    2000
2.140000    4000
2.120000    3000
2.100000    5000
2.080000    5000
2.060000    2000
2.040000    5000
2.020000    3000
2.000000    3000
1.980000    4000
1.960000    1000
1.940000    2000
1.920000    2000
1.900000    2000
1.880000    2000
1.860000    5000
1.840000    4000
1.820000    2000
1.800000    2000
1.780000    2000
1.760000    5000
1.740000    2000
1.720000    3000
1.700000    3000
1.680000    1000
1.660000    2000
1.640000    2000
1.620000    2000
1.600000    2000
1.580000    2000
1.560000    7000
1.540000    7000
1.520000    3000
