0    1.000000
5000    0.004884
10000    -0.040337
15000    -0.015570
20000    0.008635
25000    -0.006477
30000    -0.019267
35000    -0.014906
40000    0.017608
45000    0.029253
50000    -0.009434
55000    -0.006555
60000    -0.014863
65000    -0.003437
70000    -0.025309
75000    0.023236
80000    0.020653
85000    -0.004993
90000    0.004826
95000    -0.006767
100000    0.014753
105000    0.011578
110000    0.006171
115000    -0.014757
120000    0.005258
125000    -0.021079
130000    -0.030956
135000    0.014361
140000    0.008927
145000    0.004484
150000    -0.007305
155000    0.041088
160000    -0.002992
165000    -0.046739
170000    -0.017490
175000    0.023216
180000    0.019087
185000    0.003485
190000    -0.028964
195000    0.051105
200000    -0.013043
205000    -0.003436
210000    -0.012378
215000    0.013445
220000    0.012164
225000    -0.032304
230000    -0.009310
235000    -0.012786
240000    0.000585
245000    -0.048170
250000    -0.016087
255000    0.008435
260000    -0.001385
265000    0.013083
270000    -0.016629
275000    0.003244
280000    -0.005134
285000    -0.008238
290000    -0.015976
295000    -0.007498
300000    0.005408
305000    -0.017305
310000    -0.023798
315000    0.008300
320000    0.038561
325000    -0.011591
330000    0.010506
335000    0.009503
340000    0.016422
345000    -0.004461
350000    -0.012294
355000    -0.026736
360000    0.017398
365000    0.015578
370000    -0.007813
375000    -0.027257
380000    0.009511
385000    -0.009710
390000    0.010212
395000    -0.022999
400000    -0.000461
405000    -0.019077
410000    -0.003996
415000    -0.040474
420000    -0.023883
425000    0.012898
430000    0.013845
435000    -0.000504
440000    -0.006896
445000    0.055090
450000    -0.013613
455000    -0.002137
460000    -0.022006
465000    -0.042997
470000    -0.004278
475000    -0.021567
480000    0.037961
485000    -0.004462
490000    0.006639
495000    -0.018482
