0    1.000000
5000    0.024994
10000    0.052881
15000    0.014473
20000    -0.010126
25000    0.026337
30000    -0.002696
35000    0.001871
40000    0.036774
45000    0.019904
50000    0.002235
55000    -0.003332
60000    -0.001572
65000    -0.020548
70000    0.001608
75000    0.002681
80000    -0.016150
85000    -0.020799
90000    0.003767
95000    0.027971
100000    0.017146
105000    0.013918
110000    -0.003130
115000    -0.002499
120000    0.001325
125000    0.015295
130000    -0.007868
135000    0.016335
140000    -0.001720
145000    -0.009863
150000    -0.013898
155000    0.027935
160000    -0.013646
165000    0.010621
170000    -0.010113
175000    -0.011175
180000    -0.022443
185000    -0.016361
190000    0.024639
195000    -0.003076
200000    0.032061
205000    -0.012645
210000    0.011201
215000    -0.009536
220000    -0.030522
225000    -0.034497
230000    0.003388
235000    0.002068
240000    -0.032332
245000    0.027806
250000    -0.048526
255000    -0.007918
260000    -0.010646
265000    0.003242
270000    -0.021636
275000    -0.050183
280000    -0.015039
285000    -0.038518
290000    -0.017898
295000    -0.028270
300000    -0.001879
305000    -0.028249
310000    0.015254
315000    -0.060887
320000    0.024431
325000    0.012017
330000    0.002322
335000    0.034787
340000    0.048999
345000    -0.001928
350000    0.060158
355000    0.016400
360000    0.062162
365000    -0.004821
370000    0.010985
375000    0.010464
380000    0.052979
385000    -0.045639
390000    0.026696
395000    -0.005540
400000    -0.041445
405000    0.017349
410000    0.032407
415000    -0.024816
420000    0.069103
425000    0.064375
430000    0.033083
435000    0.026484
440000    -0.021465
445000    0.033632
450000    -0.007030
455000    0.040256
460000    0.036735
465000    0.065270
470000    0.023190
475000    0.053841
480000    0.018555
485000    -0.057146
490000    -0.051598
495000    0.000421
