0    1.000000
5000    -0.022408
10000    -0.000481
15000    0.003523
20000    0.002321
25000    0.010595
30000    0.032115
35000    -0.018738
40000    0.022229
45000    -0.015613
50000    -0.017560
55000    -0.007556
60000    -0.008862
65000    0.016356
70000    -0.016291
75000    0.009039
80000    0.001779
85000    -0.001019
90000    -0.007288
95000    0.011313
100000    0.000224
105000    0.023117
110000    0.011821
115000    -0.007972
120000    -0.012206
125000    0.040267
130000    -0.015143
135000    -0.012527
140000    -0.014055
145000    0.005101
150000    0.019827
155000    -0.014941
160000    -0.038223
165000    -0.007152
170000    -0.009700
175000    -0.005196
180000    0.003811
185000    -0.013457
190000    -0.003460
195000    -0.005665
200000    -0.016353
205000    0.027974
210000    -0.024108
215000    -0.018972
220000    0.028210
225000    0.039236
230000    0.008558
235000    -0.020631
240000    -0.033831
245000    -0.011330
250000    0.000102
255000    0.008321
260000    -0.004881
265000    0.034205
270000    -0.019275
275000    0.038152
280000    0.019066
285000    0.015342
290000    -0.012202
295000    0.020242
300000    0.020807
305000    -0.001847
310000    -0.001458
315000    0.027397
320000    0.010830
325000    0.002653
330000    -0.020603
335000    -0.032804
340000    0.005222
345000    -0.020774
350000    -0.011522
355000    0.038702
360000    0.015990
365000    -0.006970
370000    0.012537
375000    0.037887
380000    0.012064
385000    -0.007815
390000    -0.002061
395000    -0.025005
400000    0.004895
405000    0.023756
410000    -0.016621
415000    -0.008174
420000    0.038948
425000    -0.000474
430000    -0.023510
435000    -0.012552
440000    -0.010928
445000    0.023322
450000    0.021948
455000    0.008358
460000    -0.000002
465000    -0.010011
470000    0.010674
475000    -0.000924
480000    -0.019718
485000    0.029680
490000    0.030798
495000    -0.011028
