0    1.000000
5000    0.178500
10000    0.046199
15000    -0.018336
20000    0.008765
25000    -0.021609
30000    -0.030325
35000    -0.015170
40000    0.039187
45000    0.032422
50000    -0.006799
55000    0.013020
60000    0.012079
65000    0.045335
70000    -0.027279
75000    -0.038665
80000    0.024856
85000    0.037444
90000    -0.036900
95000    -0.011300
100000    0.014958
105000    0.005310
110000    -0.101491
115000    -0.065253
120000    0.004065
125000    -0.047346
130000    -0.023919
135000    0.016981
140000    -0.004830
145000    0.034848
150000    -0.041268
155000    -0.078522
160000    -0.038228
165000    -0.015415
170000    0.041694
175000    0.008845
180000    -0.036240
185000    0.027731
190000    0.013976
195000    -0.036714
200000    -0.060147
205000    -0.013923
210000    -0.063947
215000    -0.019361
220000    -0.029567
225000    0.025381
230000    0.027898
235000    0.018891
240000    0.009315
245000    0.046384
250000    0.027925
255000    0.031140
260000    -0.021264
265000    -0.001219
270000    0.034222
275000    0.046957
280000    0.083263
285000    0.030489
290000    0.009207
295000    -0.097574
300000    -0.084576
305000    -0.047779
310000    0.092737
315000    0.013451
320000    0.007453
325000    -0.018816
330000    0.017064
335000    -0.057586
340000    -0.101395
345000    -0.073941
350000    -0.055235
355000    -0.075287
360000    -0.027901
365000    -0.013927
370000    -0.007495
375000    0.065276
380000    -0.015105
385000    -0.060905
390000    0.063768
395000    0.040999
400000    -0.060551
405000    -0.044220
410000    0.014734
415000    0.056777
420000    -0.033871
425000    -0.064790
430000    -0.010433
435000    -0.064930
440000    0.004384
445000    -0.018492
450000    -0.007255
455000    0.010922
460000    0.037691
465000    -0.011717
470000    -0.062020
475000    -0.060462
480000    0.018968
485000    -0.045801
490000    -0.041716
495000    0.047651
