0    1.000000
5000    0.001025
10000    -0.015240
15000    0.013359
20000    0.008405
25000    0.032074
30000    -0.016735
35000    -0.009743
40000    0.059583
45000    0.025884
50000    0.002830
55000    0.011156
60000    -0.041373
65000    -0.024102
70000    0.014565
75000    -0.046316
80000    -0.011643
85000    0.025238
90000    -0.028842
95000    0.002235
100000    -0.037262
105000    0.036820
110000    0.030743
115000    0.023510
120000    -0.019679
125000    0.012818
130000    0.005551
135000    0.035648
140000    0.003109
145000    0.004808
150000    -0.021067
155000    0.039816
160000    -0.016997
165000    0.025060
170000    -0.004356
175000    -0.024739
180000    0.014129
185000    0.021718
190000    0.009804
195000    0.003214
200000    0.010001
205000    0.015766
210000    -0.017052
215000    -0.023328
220000    0.059096
225000    0.014571
230000    0.000718
235000    0.005670
240000    -0.012158
245000    0.005660
250000    -0.022135
255000    -0.027014
260000    -0.020200
265000    0.013760
270000    0.008448
275000    -0.002863
280000    -0.006634
285000    0.015077
290000    0.002403
295000    0.023000
300000    0.009319
305000    0.004492
310000    -0.004830
315000    0.019093
320000    -0.008849
325000    0.021017
330000    -0.009322
335000    0.022017
340000    0.018153
345000    -0.005706
350000    0.028412
355000    -0.032325
360000    -0.010115
365000    0.005932
370000    -0.006696
375000    0.023103
380000    -0.060067
385000    0.031407
390000    0.024591
395000    0.012279
400000    0.038852
405000    -0.097164
410000    0.057869
415000    -0.051924
420000    0.033678
425000    -0.004451
430000    -0.038296
435000    0.043526
440000    0.035716
445000    -0.047320
450000    0.003811
455000    -0.004600
460000    -0.045288
465000    0.012816
470000    -0.064181
475000    0.008228
480000    -0.015796
485000    -0.078642
490000    -0.006019
495000    0.018382
