0    1.000000
5000    0.008853
10000    0.014462
15000    0.018648
20000    -0.026979
25000    0.025531
30000    -0.054160
35000    0.046215
40000    0.044505
45000    0.005689
50000    -0.002843
55000    -0.014913
60000    0.020396
65000    -0.023872
70000    -0.013391
75000    -0.022481
80000    -0.000535
85000    -0.009793
90000    -0.000673
95000    -0.030345
100000    -0.012752
105000    -0.037315
110000    -0.043589
115000    -0.002436
120000    0.025468
125000    0.001115
130000    -0.002899
135000    -0.055128
140000    0.043032
145000    -0.003986
150000    0.012310
155000    -0.011210
160000    0.030770
165000    -0.015113
170000    -0.046672
175000    0.007963
180000    -0.000091
185000    0.015800
190000    -0.048673
195000    -0.025631
200000    0.005037
205000    -0.013287
210000    0.077350
215000    -0.030956
220000    0.012894
225000    -0.030474
230000    0.010009
235000    0.051952
240000    -0.053986
245000    0.051541
250000    -0.030330
255000    0.008303
260000    -0.014567
265000    0.012880
270000    0.036131
275000    -0.071431
280000    -0.006023
285000    0.004651
290000    0.002848
295000    -0.035189
300000    0.009259
305000    0.013172
310000    -0.017900
315000    -0.031738
320000    -0.018618
325000    0.027612
330000    -0.015057
335000    -0.006176
340000    -0.046015
345000    0.030556
350000    0.025500
355000    0.039757
360000    -0.006302
365000    0.017179
370000    0.002290
375000    -0.035978
380000    -0.022503
385000    -0.012327
390000    -0.014962
395000    0.029134
400000    -0.037166
405000    0.024066
410000    0.076139
415000    0.004815
420000    0.047768
425000    -0.018362
430000    -0.054642
435000    -0.048185
440000    0.024728
445000    0.080281
450000    0.050097
455000    -0.012462
460000    -0.065243
465000    0.011444
470000    -0.023150
475000    0.007409
480000    -0.010034
485000    -0.027848
490000    0.088996
495000    -0.014450
