4.000000    -2282.218399
3.960000    -2310.548892
3.920000    -2334.825595
3.880000    -2367.591592
3.840000    -2402.042190
3.800000    -2433.085401
3.760000    -2465.688922
3.720000    -2490.816460
3.680000    -2529.628586
3.640000    -2571.933333
3.600000    -2604.294883
3.560000    -2641.615779
3.520000    -2681.969273
3.480000    -2720.992020
3.440000    -2772.153076
3.400000    -2810.880273
3.360000    -2852.000723
3.320000    -2900.560380
3.280000    -2947.748017
3.240000    -3000.746911
3.200000    -3052.837248
3.160000    -3106.370897
3.120000    -3161.911174
3.080000    -3222.149017
3.040000    -3287.932261
3.000000    -3342.509323
2.960000    -3425.326649
2.920000    -3480.399442
2.880000    -3549.391744
2.840000    -3640.212490
2.800000    -3725.756403
2.760000    -3812.863797
2.720000    -3908.360703
2.680000    -4003.283478
2.640000    -4124.696766
2.600000    -4222.829657
2.560000    -4336.576309
2.520000    -4457.002084
2.480000    -4616.176407
2.440000    -4872.893575
2.400000    -5132.757918
2.360000    -5393.879107
2.320000    -5463.276630
2.280000    -5908.460868
2.240000    -6148.120601
2.200000    -6381.889421
2.160000    -6571.466125
2.120000    -6753.897820
2.080000    -6925.265315
2.040000    -7065.809305
2.000000    -7181.605607
1.960000    -7298.682204
1.920000    -7393.702845
1.880000    -7479.339504
1.840000    -7563.887886
1.800000    -7643.522320
1.760000    -7709.105034
1.720000    -7769.255724
1.680000    -7826.919022
1.640000    -7882.423052
1.600000    -7922.180003
1.560000    -7959.086729
1.520000    -7989.326829
1.480000    -8025.750865
1.440000    -8057.917177
1.400000    -8077.548570
1.360000    -8101.082956
1.320000    -8124.257601
1.280000    -8139.957067
1.240000    -8151.768139
1.200000    -8165.336888
1.160000    -8175.123677
1.120000    -8183.220816
1.080000    -8190.942146
1.040000    -8196.434012
1.000000    -8199.734232
0.960000    -8203.782118
0.920000    -8205.957431
0.880000    -8207.952564
0.840000    -8209.138341
0.800000    -8210.299064
0.760000    -8211.115869
0.720000    -8210.888640
0.680000    -8211.012033
0.640000    -8210.921972
0.600000    -8211.048222
0.560000    -8211.089296
0.520000    -8211.011654
0.480000    -8211.152267
0.440000    -8210.812083
0.400000    -8210.859192
0.360000    -8211.023939
0.320000    -8210.807699
0.280000    -8211.002288
0.240000    -8211.104065
0.200000    -8210.962955
0.160000    -8211.122814
0.120000    -8210.931595
0.080000    -8210.852678
0.040000    -8211.040960
