4.000000    -19.997232
3.960000    -20.424869
3.920000    -20.289153
3.880000    -20.421069
3.840000    -21.005694
3.800000    -20.887249
3.760000    -21.451488
3.720000    -21.757150
3.680000    -21.775165
3.640000    -22.057081
3.600000    -22.571413
3.560000    -22.427140
3.520000    -22.862641
3.480000    -22.971285
3.440000    -23.688204
3.400000    -23.580206
3.360000    -24.007409
3.320000    -24.328941
3.280000    -24.678199
3.240000    -24.899566
3.200000    -24.974632
3.160000    -25.624579
3.120000    -25.893752
3.080000    -26.529123
3.040000    -26.665758
3.000000    -26.600987
2.960000    -27.390458
2.920000    -27.535106
2.880000    -27.838322
2.840000    -28.625239
2.800000    -28.886309
2.760000    -29.284980
2.720000    -29.501909
2.680000    -30.198294
2.640000    -30.730992
2.600000    -30.749948
2.560000    -32.012512
2.520000    -32.092004
2.480000    -32.949300
2.440000    -33.702086
2.400000    -33.621181
2.360000    -34.100454
2.320000    -34.826887
2.280000    -35.368084
2.240000    -36.251373
2.200000    -36.750429
2.160000    -37.737369
2.120000    -38.800229
2.080000    -39.269800
2.040000    -39.863768
2.000000    -40.408132
1.960000    -41.742897
1.920000    -42.625745
1.880000    -43.486612
1.840000    -44.475766
1.800000    -45.579045
1.760000    -46.717071
1.720000    -47.227461
1.680000    -48.718417
1.640000    -50.005958
1.600000    -51.101905
1.560000    -52.271229
1.520000    -53.483725
1.480000    -55.346039
1.440000    -56.858566
1.400000    -58.744695
1.360000    -60.303722
1.320000    -61.985597
1.280000    -64.177422
1.240000    -66.521865
1.200000    -69.093752
1.160000    -71.280980
1.120000    -73.740122
1.080000    -76.594069
1.040000    -79.864697
1.000000    -82.752203
0.960000    -86.486083
0.920000    -90.485101
0.880000    -94.739750
0.840000    -99.621215
0.800000    -104.894619
0.760000    -110.375127
0.720000    -117.662130
0.680000    -125.193643
0.640000    -134.078534
0.600000    -142.943648
0.560000    -154.212434
0.520000    -167.934140
0.480000    -184.394852
0.440000    -204.265382
0.400000    -229.354102
0.360000    -264.107397
0.320000    -313.468371
0.280000    -397.136441
0.240000    -584.162550
0.200000    -744.744048
0.160000    -811.504703
0.120000    -834.958267
0.080000    -838.769732
0.040000    -838.865902
