4.000000    -765.295824
3.960000    -774.674439
3.920000    -783.021562
3.880000    -793.875405
3.840000    -799.142304
3.800000    -811.614297
3.760000    -819.631282
3.720000    -827.051316
3.680000    -839.388853
3.640000    -849.685742
3.600000    -858.287403
3.560000    -866.233660
3.520000    -880.219905
3.480000    -890.521409
3.440000    -901.793098
3.400000    -910.722615
3.360000    -924.266345
3.320000    -937.378952
3.280000    -947.560031
3.240000    -965.913302
3.200000    -980.756716
3.160000    -991.737134
3.120000    -1006.964806
3.080000    -1020.642159
3.040000    -1032.271449
3.000000    -1054.992015
2.960000    -1067.927726
2.920000    -1086.710270
2.880000    -1102.125602
2.840000    -1117.907924
2.800000    -1140.035319
2.760000    -1157.323068
2.720000    -1179.492175
2.680000    -1199.816931
2.640000    -1219.580659
2.600000    -1243.016549
2.560000    -1268.594243
2.520000    -1293.583502
2.480000    -1319.253816
2.440000    -1342.342969
2.400000    -1369.723747
2.360000    -1402.819309
2.320000    -1429.956355
2.280000    -1462.248926
2.240000    -1495.652847
2.200000    -1529.859489
2.160000    -1564.729931
2.120000    -1599.065834
2.080000    -1636.910525
2.040000    -1691.701713
2.000000    -1724.042636
1.960000    -1778.705236
1.920000    -1826.741906
1.880000    -1886.875815
1.840000    -1948.592121
1.800000    -2007.900816
1.760000    -2075.012874
1.720000    -2143.866653
1.680000    -2224.450164
1.640000    -2322.807439
1.600000    -2433.336412
1.560000    -2556.121832
1.520000    -2679.228690
1.480000    -2862.542403
1.440000    -2979.849081
1.400000    -3309.460478
1.360000    -3614.412033
1.320000    -3839.196506
1.280000    -4042.453983
1.240000    -4201.923351
1.200000    -4324.127402
1.160000    -4434.361512
1.120000    -4514.491924
1.080000    -4590.576721
1.040000    -4658.057131
1.000000    -4711.389732
0.960000    -4761.539006
0.920000    -4800.178022
0.880000    -4831.062752
0.840000    -4858.223271
0.800000    -4877.565218
0.760000    -4895.518311
0.720000    -4906.927599
0.680000    -4916.458653
0.640000    -4923.739957
0.600000    -4928.785802
0.560000    -4931.468959
0.520000    -4932.568336
0.480000    -4933.861774
0.440000    -4934.515670
0.400000    -4934.552934
0.360000    -4934.510551
0.320000    -4934.513780
0.280000    -4934.473639
0.240000    -4934.573868
0.200000    -4934.485592
0.160000    -4934.492472
0.120000    -4934.468437
0.080000    -4934.426889
0.040000    -4934.538481
