4.000000    27.342535
3.960000    25.628657
3.920000    29.652208
3.880000    13.735714
3.840000    22.733189
3.800000    33.788965
3.760000    38.144072
3.720000    24.608606
3.680000    18.271592
3.640000    26.595116
3.600000    37.645578
3.560000    30.040701
3.520000    60.657893
3.480000    16.979158
3.440000    42.950760
3.400000    13.545992
3.360000    29.415853
3.320000    57.209352
3.280000    43.178985
3.240000    57.523311
3.200000    50.198358
3.160000    71.285417
3.120000    71.982861
3.080000    82.677405
3.040000    155.444466
3.000000    111.466236
2.960000    100.525915
2.920000    107.416462
2.880000    117.871834
2.840000    119.022072
2.800000    178.117261
2.760000    166.354132
2.720000    114.555479
2.680000    142.464729
2.640000    456.778428
2.600000    305.398146
2.560000    252.029449
2.520000    258.544741
2.480000    248.729939
2.440000    865.798570
2.400000    1774.583120
2.360000    2209.129663
2.320000    1858.811606
2.280000    2704.090547
2.240000    3058.649824
2.200000    3263.460671
2.160000    3390.929724
2.120000    3521.344782
2.080000    3612.167183
2.040000    3687.072685
2.000000    3745.318159
1.960000    3794.499706
1.920000    3829.860375
1.880000    3863.898213
1.840000    3893.773254
1.800000    3922.664519
1.760000    3945.512968
1.720000    3965.425467
1.680000    3984.599032
1.640000    4002.082891
1.600000    4014.273253
1.560000    4025.231016
1.520000    4034.079250
1.480000    4045.014408
1.440000    4054.409582
1.400000    4059.880377
1.360000    4066.341076
1.320000    4072.730656
1.280000    4077.036462
1.240000    4080.183738
1.200000    4083.897808
1.160000    4086.419622
1.120000    4088.579323
1.080000    4090.592803
1.040000    4092.001954
1.000000    4092.870250
0.960000    4093.905167
0.920000    4094.467832
0.880000    4094.975419
0.840000    4095.280916
0.800000    4095.572917
0.760000    4095.778680
0.720000    4095.720156
0.680000    4095.752022
0.640000    4095.729828
0.600000    4095.762056
0.560000    4095.772324
0.520000    4095.752914
0.480000    4095.788067
0.440000    4095.703021
0.400000    4095.714798
0.360000    4095.755985
0.320000    4095.701925
0.280000    4095.750572
0.240000    4095.775598
0.200000    4095.740739
0.160000    4095.780704
0.120000    4095.732899
0.080000    4095.713170
0.040000    4095.760240
