4.000000    4.929435
3.960000    6.654800
3.920000    6.471547
3.880000    5.234072
3.840000    7.287093
3.800000    5.932528
3.760000    9.557557
3.720000    3.282421
3.680000    7.625641
3.640000    5.496080
3.600000    6.420113
3.560000    8.421038
3.520000    9.306676
3.480000    6.101638
3.440000    7.287161
3.400000    6.761465
3.360000    5.666018
3.320000    3.248559
3.280000    6.640576
3.240000    5.961149
3.200000    6.185679
3.160000    6.679034
3.120000    6.547414
3.080000    7.560056
3.040000    8.093877
3.000000    7.906026
2.960000    10.602323
2.920000    9.298461
2.880000    5.127580
2.840000    9.842383
2.800000    11.347936
2.760000    8.325923
2.720000    7.922661
2.680000    13.071727
2.640000    10.001355
2.600000    11.472538
2.560000    10.069585
2.520000    8.640959
2.480000    9.207161
2.440000    7.350594
2.400000    8.121110
2.360000    13.048434
2.320000    11.460625
2.280000    10.470915
2.240000    13.011958
2.200000    11.021216
2.160000    10.957322
2.120000    8.808664
2.080000    12.990666
2.040000    9.290677
2.000000    11.180398
1.960000    13.848108
1.920000    15.562560
1.880000    13.120060
1.840000    16.170640
1.800000    18.708919
1.760000    11.347996
1.720000    14.732175
1.680000    12.408194
1.640000    19.373693
1.600000    13.893052
1.560000    16.753069
1.520000    16.928544
1.480000    20.658900
1.440000    13.218539
1.400000    19.947348
1.360000    20.202259
1.320000    17.089146
1.280000    23.681391
1.240000    25.012378
1.200000    23.400804
1.160000    27.523703
1.120000    27.762240
1.080000    31.646705
1.040000    28.571070
1.000000    29.020482
0.960000    32.357624
0.920000    37.289982
0.880000    37.682569
0.840000    49.379200
0.800000    45.763308
0.760000    45.313125
0.720000    51.063726
0.680000    65.881534
0.640000    80.000115
0.600000    75.422703
0.560000    85.855063
0.520000    114.147314
0.480000    136.270500
0.440000    155.086094
0.400000    216.672193
0.360000    336.944984
0.320000    540.375271
0.280000    1174.465288
0.240000    2901.758937
0.200000    3791.642795
0.160000    4019.381043
0.120000    4085.017264
0.080000    4095.477710
0.040000    4095.714487
