4.000000    9.403401
3.960000    3.751308
3.920000    8.931396
3.880000    8.608194
3.840000    12.753862
3.800000    3.143921
3.760000    7.680196
3.720000    19.101161
3.680000    4.747542
3.640000    11.271837
3.600000    23.500642
3.560000    11.544918
3.520000    13.639142
3.480000    21.364617
3.440000    19.002004
3.400000    18.842751
3.360000    13.283345
3.320000    5.664706
3.280000    15.049503
3.240000    17.983621
3.200000    19.034540
3.160000    17.607320
3.120000    17.227410
3.080000    18.822400
3.040000    20.876875
3.000000    0.485691
2.960000    13.574570
2.920000    38.951949
2.880000    31.622224
2.840000    22.354558
2.800000    13.663210
2.760000    26.049349
2.720000    18.815835
2.680000    21.863482
2.640000    16.930410
2.600000    32.951936
2.560000    7.724831
2.520000    21.546709
2.480000    28.672987
2.440000    20.537741
2.400000    39.004529
2.360000    48.589135
2.320000    42.611323
2.280000    31.505326
2.240000    58.996574
2.200000    22.019360
2.160000    30.650688
2.120000    61.529704
2.080000    53.867920
2.040000    98.811174
2.000000    64.965524
1.960000    106.809797
1.920000    75.384007
1.880000    71.211133
1.840000    114.852341
1.800000    58.650356
1.760000    107.275887
1.720000    129.755782
1.680000    198.309747
1.640000    318.689752
1.600000    271.030206
1.560000    537.113544
1.520000    591.783581
1.480000    1186.143805
1.440000    879.091791
1.400000    2240.415815
1.360000    2881.081256
1.320000    3239.921800
1.280000    3510.505608
1.240000    3653.539465
1.200000    3749.858841
1.160000    3826.752917
1.120000    3874.984503
1.080000    3920.600704
1.040000    3958.405826
1.000000    3987.659118
0.960000    4014.333534
0.920000    4033.696355
0.880000    4048.614057
0.840000    4061.275592
0.800000    4070.417019
0.760000    4078.640968
0.720000    4083.726787
0.680000    4087.879428
0.640000    4091.011526
0.600000    4093.155826
0.560000    4094.352846
0.520000    4094.840805
0.480000    4095.442364
0.440000    4095.761597
0.400000    4095.777990
0.360000    4095.758669
0.320000    4095.759811
0.280000    4095.742134
0.240000    4095.789187
0.200000    4095.745431
0.160000    4095.748977
0.120000    4095.737154
0.080000    4095.716222
0.040000    4095.772198
