4.000000    -7330.985132
3.960000    -7371.853634
3.920000    -7423.498314
3.880000    -7472.080442
3.840000    -7521.925110
3.800000    -7559.692820
3.760000    -7618.388560
3.720000    -7662.480579
3.680000    -7712.256331
3.640000    -7753.632545
3.600000    -7820.030393
3.560000    -7863.192085
3.520000    -7910.973623
3.480000    -7976.252551
3.440000    -8033.765701
3.400000    -8094.867912
3.360000    -8153.429289
3.320000    -8207.287514
3.280000    -8260.247291
3.240000    -8316.394255
3.200000    -8384.486350
3.160000    -8443.475386
3.120000    -8501.701523
3.080000    -8569.269948
3.040000    -8642.319637
3.000000    -8705.417030
2.960000    -8776.612051
2.920000    -8832.245499
2.880000    -8914.658492
2.840000    -8982.260190
2.800000    -9054.183312
2.760000    -9135.369333
2.720000    -9210.588841
2.680000    -9296.450263
2.640000    -9364.515586
2.600000    -9452.566326
2.560000    -9523.965125
2.520000    -9620.492389
2.480000    -9709.857287
2.440000    -9804.313349
2.400000    -9888.980844
2.360000    -9982.815347
2.320000    -10080.500291
2.280000    -10191.620551
2.240000    -10290.748794
2.200000    -10401.724307
2.160000    -10507.500971
2.120000    -10625.691150
2.080000    -10743.911878
2.040000    -10858.413513
2.000000    -10981.951642
1.960000    -11135.608140
1.920000    -11278.249547
1.880000    -11421.276270
1.840000    -11586.751127
1.800000    -11751.365763
1.760000    -11914.452520
1.720000    -12086.343125
1.680000    -12297.769032
1.640000    -12515.876089
1.600000    -12762.321956
1.560000    -13009.701305
1.520000    -13322.880460
1.480000    -13673.786311
1.440000    -14049.480887
1.400000    -14535.860077
1.360000    -15102.092886
1.320000    -16028.334994
1.280000    -17355.684309
1.240000    -18798.765828
1.200000    -19780.340910
1.160000    -20574.014857
1.120000    -21085.760328
1.080000    -21465.272959
1.040000    -21826.101848
1.000000    -22201.746087
0.960000    -22659.043107
0.920000    -22866.491686
0.880000    -22944.641850
0.840000    -23016.762311
0.800000    -23063.321078
0.760000    -23098.853359
0.720000    -23123.469268
0.680000    -23143.039794
0.640000    -23153.581782
0.600000    -23162.057543
0.560000    -23166.553569
0.520000    -23168.425518
0.480000    -23168.392138
0.440000    -23167.973253
0.400000    -23168.176872
0.360000    -23168.461249
0.320000    -23168.498994
0.280000    -23168.152032
0.240000    -23168.749299
0.200000    -23168.514816
0.160000    -23168.165012
0.120000    -23168.700208
0.080000    -23168.404095
0.040000    -23168.411327
