4.000000    434.897347
3.960000    447.694811
3.920000    442.291779
3.880000    454.864629
3.840000    458.989729
3.800000    465.043484
3.760000    474.459456
3.720000    464.852948
3.680000    483.164669
3.640000    472.494547
3.600000    479.824123
3.560000    488.631078
3.520000    501.139866
3.480000    497.706581
3.440000    503.761657
3.400000    510.515442
3.360000    525.643490
3.320000    528.275368
3.280000    530.555931
3.240000    531.420919
3.200000    538.082082
3.160000    539.744944
3.120000    549.974719
3.080000    557.214120
3.040000    557.576729
3.000000    569.333894
2.960000    585.913599
2.920000    574.787979
2.880000    585.978275
2.840000    584.502396
2.800000    584.303122
2.760000    610.953222
2.720000    618.381669
2.680000    624.654098
2.640000    633.500233
2.600000    618.970132
2.560000    640.964907
2.520000    651.446564
2.480000    647.689099
2.440000    666.648221
2.400000    680.479649
2.360000    683.678776
2.320000    677.752978
2.280000    689.728092
2.240000    696.683393
2.200000    701.040986
2.160000    713.822196
2.120000    712.706686
2.080000    727.443947
2.040000    746.372730
2.000000    750.459509
1.960000    733.958170
1.920000    744.932056
1.880000    759.458149
1.840000    759.442063
1.800000    767.329722
1.760000    783.524177
1.720000    775.726307
1.680000    790.174094
1.640000    782.679589
1.600000    793.266296
1.560000    784.431246
1.520000    788.875719
1.480000    765.337132
1.440000    754.742903
1.400000    728.483314
1.360000    690.763004
1.320000    622.193530
1.280000    506.641752
1.240000    383.631998
1.200000    305.894583
1.160000    230.859375
1.120000    192.038448
1.080000    160.947625
1.040000    126.261038
1.000000    87.236514
0.960000    46.664116
0.920000    31.491049
0.880000    23.740171
0.840000    17.723105
0.800000    13.413088
0.760000    9.099482
0.720000    4.883694
0.680000    3.542778
0.640000    1.819334
0.600000    1.386485
0.560000    0.466512
0.520000    0.055097
0.480000    0.005367
0.440000    0.084396
0.400000    0.217049
0.360000    0.024095
0.320000    -0.093323
0.280000    0.099427
0.240000    -0.029510
0.200000    0.016086
0.160000    0.103127
0.120000    0.019053
0.080000    0.058541
0.040000    -0.107208
