4.000000    -4011.514403
3.960000    -4046.160110
3.920000    -4089.848482
3.880000    -4121.428976
3.840000    -4169.363007
3.800000    -4216.142308
3.760000    -4256.190705
3.720000    -4303.266453
3.680000    -4347.647230
3.640000    -4395.063391
3.600000    -4437.817781
3.560000    -4484.419598
3.520000    -4541.928378
3.480000    -4588.707231
3.440000    -4625.759282
3.400000    -4691.201591
3.360000    -4741.437723
3.320000    -4800.584528
3.280000    -4844.686615
3.240000    -4892.797303
3.200000    -4950.459874
3.160000    -5011.136945
3.120000    -5082.534267
3.080000    -5143.497906
3.040000    -5209.997507
3.000000    -5269.277074
2.960000    -5328.792259
2.920000    -5411.317315
2.880000    -5482.630475
2.840000    -5540.759316
2.800000    -5617.957224
2.760000    -5689.729309
2.720000    -5768.116749
2.680000    -5849.275805
2.640000    -5928.849655
2.600000    -6003.735426
2.560000    -6108.983643
2.520000    -6180.648326
2.480000    -6271.179231
2.440000    -6363.981517
2.400000    -6463.288958
2.360000    -6559.072075
2.320000    -6650.414943
2.280000    -6751.822029
2.240000    -6861.141159
2.200000    -6978.456430
2.160000    -7088.086141
2.120000    -7207.911249
2.080000    -7322.021470
2.040000    -7442.527189
2.000000    -7570.758841
1.960000    -7693.323285
1.920000    -7834.771169
1.880000    -7973.734864
1.840000    -8135.538377
1.800000    -8260.407957
1.760000    -8415.332972
1.720000    -8582.429891
1.680000    -8739.731627
1.640000    -8916.000172
1.600000    -9083.253231
1.560000    -9269.952639
1.520000    -9460.465985
1.480000    -9657.100811
1.440000    -9849.438020
1.400000    -10050.487338
1.360000    -10272.632633
1.320000    -10475.572792
1.280000    -10706.221684
1.240000    -10930.708568
1.200000    -11183.983740
1.160000    -11420.398893
1.120000    -11678.923110
1.080000    -11931.166597
1.040000    -12202.170061
1.000000    -12464.898111
0.960000    -12751.813888
0.920000    -13027.764763
0.880000    -13324.241786
0.840000    -13612.946600
0.800000    -13896.035935
0.760000    -14183.882312
0.720000    -14466.677844
0.680000    -14741.233788
0.640000    -15005.373265
0.600000    -15257.277996
0.560000    -15489.877847
0.520000    -15698.161495
0.480000    -15882.735483
0.440000    -16041.052967
0.400000    -16164.427646
0.360000    -16259.050758
0.320000    -16320.010118
0.280000    -16358.677251
0.240000    -16375.850560
0.200000    -16382.034198
0.160000    -16383.025464
0.120000    -16383.012148
0.080000    -16382.998364
0.040000    -16383.053768
